-3.4463444759185253,1.6251553472872224,1.88810902506231,-0.45246601081375815,-1.684572764308942,4.775916123821281
-2.2062023184852886,-2.0092115507834656,0.8990529344019326,-3.3714259100608244,0.02866910950624657,2.4850203548674825
-4.090652487988276,-2.229433432661014,-0.8211740171030879,1.4636989905254874,-2.985798103836271,1.8670807347089973
-3.9611539860809803,-0.3856406649591966,3.862698828993524,-1.2780883288806448,-1.2047894996888198,3.376034045417356
-3.8864096568877553,-1.708579639969534,3.9413580249693103,-3.0547807931427036,-0.09648879966478185,1.2513746465649944
-3.310600481024075,-1.1649782468291208,-0.635944332648602,0.11638023247991347,-1.2165963359075334,-1.8577018297594983
-2.2233951178530065,-1.3022872788300672,3.5999601694421277,-1.0593174474264986,0.06700385857906799,2.040197096497934
-1.6125123679587583,-1.4582848083375617,4.251820877047244,-4.204386858351318,2.2572067359208434,4.844433060346992
-1.4113189012762062,-0.5296468932302605,-2.0484926902338536,0.025781653093222445,-3.370197661092731,-1.1787342257992521
-2.0230217664159014,0.38916571312076,0.6635505529248927,-1.188598007357359,-0.638238009669911,5.594272337090462
-2.584115984385682,-2.05793162857087,1.6063974654376132,-3.2478045171396803,-1.0225281538456095,0.0722251858745378
-0.3549824016580272,2.456448350000274,-0.8888804790970156,-1.9959147694364137,-4.535243890152166,-2.326638263757381
-0.026503314904597453,-0.49293053709958246,5.080659101767589,-4.870664568165914,0.02122169830316345,2.8849727714348057
-4.574798081157577,-0.30707907993207106,0.24776368719471195,-2.461191250019451,-0.7413337986502495,5.610046719768226
-3.691162138042603,2.149599441706852,-4.098805533073169,-1.0540031612209688,-1.4952777585713632,-1.55917112960836
-1.3364043703217083,1.0499895490438007,6.066675003550393,-4.010648892480402,0.9840634352026618,1.5176058632802032
-2.6174755061495154,1.831617961051232,3.8871617388714643,-0.9337451863386015,0.6148073484147192,0.33209546637381443
-3.350684344651938,0.23666745681839885,-3.022939760953225,1.9177215712028577,-2.152575016445396,1.172316138267226
-0.1968925278584246,0.11851769419694724,4.760167830195653,-0.2923832176609924,-1.9994455619214924,5.10032598951556
-2.0219615851564083,0.9358232497826329,4.155992723602408,-4.156636921958471,2.042839230763702,5.528217959365954
-3.419300471686685,0.4586085903147792,-0.9360165457508302,0.28619937685687447,-3.286453920777532,2.1047696071969613
-4.90334900191001,-0.491034480753036,1.9537263249942816,-3.2493326131942624,-1.3784566554385325,5.447668775148798
-3.4199750592407203,-0.19135698636621834,4.085103386889383,-2.5038899009923843,-2.265757140193117,0.439060053859087
-4.469151009953125,-0.20216188000794855,-4.9451674414459355,-2.354383892606482,-3.1406347166909065,0.34544153657617827
-1.4196453084573601,1.9303658603034215,5.0111128735861055,-0.3604128090760135,-0.67840375047589,5.274901705496761
-0.6339901243263393,1.3733751975875617,2.2927588292267043,-4.1755261257585365,-1.1948991408960867,4.081998467612509
-1.9346847762362902,0.5802417460072364,-0.3502563057040048,-2.002212761934418,-3.8329822593176903,0.76936557599082
-0.1418275786611538,-1.5528021742479443,0.5176974587879648,-2.642262092755998,1.6494398731110707,1.8371081029470957
-2.8163887554680866,-0.6391729268232682,0.2906269935432684,-1.3688381923272641,2.4959897782085596,1.701346103850072
-3.5087544044627768,0.22210423110708977,-4.758191324266848,-0.6438931986618524,-2.3078731713947658,2.149478185697429
-0.16213358623492802,-2.3121337124990786,4.951186843769191,-0.15819261191549927,0.7674622850220629,4.357441364797458
-0.14318101466006894,1.9867797391454527,1.116996987973341,-3.4325067354067844,1.6824912795289846,0.22451547367916436
-3.510998686082148,0.8060482516964882,-3.683597931859668,-0.5905659696559891,-3.8959404141856813,-0.13672259870400483
-1.8961128444772202,0.9894838075033725,6.069450971614078,-0.9900759070729261,2.1703246899341826,4.303818185432563
-0.829067862176716,-1.997747574225039,3.519851846136295,-1.8782614306706398,-2.393488258441341,2.0197866409672094
-3.3015475788040973,0.32735004724579975,-0.7936130628649407,-0.4237525799864299,-4.789450861326847,-2.273038083226404
-4.410473373336768,-1.685832994553314,5.619689725316493,-4.30926778090099,0.9103785222004528,5.393949868481623
-3.6979969973676936,0.057589036231180835,1.9234277617755087,-4.272082760901636,-1.6900201943124245,4.415915441141366
-0.48065909756756064,0.541851493966679,-2.5447148801109014,-0.9586099528847047,-3.461898011459378,-0.9111310453052568
-4.314530103601775,-1.1965859743897378,1.6728369502905838,-2.006663417117159,0.9504232336251928,0.398562152487335
-0.1767046036499984,1.5999335283721408,4.029389908355298,-4.210551730081696,0.330565004100297,2.674034140674461
-1.4305757786563382,-1.8837681728640838,-1.1190805082893662,1.0843078932031842,-1.6735097788731919,2.218657801067086
-2.8484881046101638,2.252929500278549,4.129338278134975,-2.0850491621654186,1.9449009894089793,0.93472118383563
-1.150336436691851,-0.05535639715818874,4.977252005954498,-4.186420449687974,-2.4582677686686667,5.623225581352781
-3.50046030645794,0.10922154665622452,-4.658945816113796,-0.06143716196598925,-1.7855504056658473,0.07694306488822411
-2.882294988168711,0.45208730545370557,2.886902209241153,-0.3154364625197239,2.1812469444204945,5.915287242738559
-1.4864618983569682,-2.329568202350095,4.159931074499734,-3.1837425991578625,0.6729597166683918,3.357285720049557
-4.067290359629832,-2.423244123732288,-0.7394510443479851,1.213270599928241,-1.7424576526434443,0.04879732140680737
-0.4248839285511883,-1.4407671149869217,4.52102781204706,-2.7191242664903874,1.2735919292612836,0.48945395203069103
-0.1294055184777596,-1.8887782984743247,2.02571089256698,-1.2803849278014585,-0.23621776799390748,4.306872251467959
-1.9681718559275596,-1.262630353676268,-0.8391211205581189,2.113813894187909,-0.9209786163842221,-1.7461842250049213
-1.2940486038553027,0.10026398394463065,1.9972036285355017,-1.9568545699241207,1.2772785791231387,3.7948899906836875
-0.2628055783392451,1.5996912397954253,2.3750848587847875,-2.404244127387416,1.0183715281222177,2.901417893787252
-2.0682085582296583,-1.2458843765565248,-1.449450544872063,0.9484998823650734,-4.583209956693191,-1.298981413489411
-2.499690618838116,2.3042310162230883,0.8247641558799554,-2.8779675269246012,2.0367285685629577,1.1205788157244307
-3.3218682256391685,-0.29568076829644196,1.1319060981232594,-4.122182934008065,-1.830414933375459,0.44501577432194817
-2.6333873218877613,1.604841266178508,-2.2958114446505746,-1.7911174872099362,-4.534460023136717,2.1201449442101366
-4.840339449330439,1.2323656046668985,0.052692968920950205,-3.4211783179833084,2.0331708852282855,4.020648131598733
-2.7086203015657744,1.1407226995083706,5.832765148343042,-4.149414511160504,1.720805268311877,0.4807599943474498
-0.7550133138943682,0.0691704282576664,-3.187058667058855,-1.7792318447658024,-0.07436643105102114,-0.4870359230880532
-1.685727649349979,0.39661386863587955,1.9776440504116541,-4.391394469095466,1.3577386733458492,4.91885660412128
-4.892753159657064,1.6291323168561282,0.5558642772968505,-3.2482490236673107,-1.0748571804652847,4.515903464230889
-1.1202870093677215,-0.21897438047020845,-3.0492552206482744,1.3997026521862348,-3.76345996113121,2.113020279401127
-3.456725757264008,-0.19835189668640396,5.094379477647824,-1.8320196452788986,1.5519121332409433,5.583289874928294
-4.09858419454351,0.9146556721105457,3.7797897621848606,-2.49138486347317,-0.21226952905896024,4.364683234680119
-0.5675796140688172,-0.3705486478129467,-2.632641708782144,0.1408083260768409,-4.535948107309428,-0.10953335305802403
-2.6605362277958684,-2.260604697216656,6.207895787758636,-1.9414888631271463,-1.8158246914854077,0.05635919022317715
-0.31546479919120873,-1.9424016009542344,1.3495309202326997,-3.0063021684476467,-0.12496624051504535,2.8230531451266825
-2.2682152655034478,1.3113630037795816,-4.03383687817789,2.0658229795053957,-2.7748364028374,1.3634264949038015
-1.5464120823342808,2.380232829348248,0.6640612074117097,-0.4365758488637397,0.02786418770325305,2.9685413735272372
-3.5050732606918555,1.79978474398298,5.793150451187649,-3.625761311973357,-1.5516943371546317,0.7905888293379292
-2.3717549199023313,1.3343331747343266,-1.296246240189206,1.8655772556512087,-3.1250334935107595,-0.5516844022705665
-0.5002642043863492,-2.10743616575408,2.452292828378883,-0.7957051324118929,2.2956765542518696,3.3401296391032966
-2.8352834616630664,1.0010181482261773,3.608115099600099,-0.3998519665123945,0.6160862558733986,4.445414090622891
-4.247581964118969,0.6095093730889078,-2.429993332944865,-1.0985110705763568,-1.3546480193041028,0.303367233099638
-0.0011507312495782074,1.6492759249058846,1.7873709766182067,-2.2324041853065237,-1.1677336446016047,6.2788601816353005
-0.16976759382141182,1.1712891310243738,1.4046418210906193,-1.9280133813188014,-0.5329093782216194,2.4400068331711573
-0.024660586126731276,-1.9043820700687164,-4.2014040194074,0.35762688540118504,-4.129867680826461,0.11507506213268837
-1.059293219742158,2.112241162617444,1.2112813070271198,-4.161400690684686,1.7691792803152442,3.76446132249511
-0.9857345637343915,-0.9020205404530046,3.43693992341203,-0.1919473041761064,-0.21927130196699718,2.289156477250712
-4.9809831232523685,-0.2848333215363654,-4.702927832508915,-1.7723462598432178,-1.1558335984323937,0.49788627347498826
-2.801946618390408,-1.1739044977867268,4.447956126080028,-0.19683515709687516,2.005175608380572,0.29143664314992757
-0.42888327710636176,0.8326203206364964,6.163716578976455,-3.1482721939421063,-1.7629101327108847,6.025015320971579
-4.140170859840934,1.7344444905379266,-1.476602673666414,-0.4798038168575882,-3.506562679291995,0.5388219444976388
-3.735469671951898,1.5392723688007317,1.736073205685468,-3.8702492739322576,-2.491200907552666,6.228653538545463
-2.873397087151719,2.267344808588411,3.963863608280957,-0.3906073113183144,1.2919786858939695,4.58263271633191
-2.4427915114090197,-2.4319752290936822,-3.393685818062338,1.381522644152291,-0.23521961702747007,-0.19657329102903986
-1.6006933351983914,-0.8128687519333111,1.964110157707918,-4.0600663177704694,2.251495722053404,4.678917501179546
-0.303456556483531,1.6149487873452975,4.530293721366149,-1.6425010898517844,1.3705062003905417,5.368615232567058
-3.848682909307205,1.6471696339119628,-0.9857202472153626,1.4432037973706975,-2.4069233047834695,-2.3162059002255555
-0.7773548164760227,-2.0553806579618916,5.102988682020144,-2.577810511374839,2.0710565339329863,1.1476442144301364
-2.525009516207385,1.613120598343464,1.1335968799222325,-3.33741961385811,2.3748956032884756,1.6932188290826247
-0.013916788297454463,1.0146628114409189,-3.241075280221634,-1.5683961096753913,-4.850034327608621,-1.8702712921594573
-1.5474578679669233,-1.402389197700404,4.399031349946942,-2.6312473818241413,-1.2933876371918918,3.0102962320250755
-3.4654343420829257,0.39190021656478535,4.745658757033067,-0.3503260967598907,0.9661036528359435,0.7211133417531504
-4.496067606394007,0.7227532865923858,-4.203361582485283,0.9949995667619009,-1.1240163833590717,-1.6376046599560812
-2.785827651179604,2.0748703460883817,5.697598806722805,-0.6150381048375717,-0.1856457662219846,0.4902420127160147
-4.053829192611651,-2.4386967457140836,2.2759307692034625,-0.49999033005822735,-0.8613391748225969,5.0012084054312975
-4.163252193394911,2.3937877910722944,-4.02523335796806,-0.9522639935337052,-1.0953512799513847,-1.7226461395202275
-3.6275459401561134,0.6495710800176413,1.8394890194117046,-3.9380319141016957,-0.7691843038171553,0.5986115575767774
-0.826803701464077,-0.2670598235799675,2.064846239429322,-4.227793422470052,-1.500693512237639,5.238623566764659
-2.1213542727621415,-0.16112230609110512,-4.167939796973513,-2.430585478098731,-3.529967198368204,-2.2573756167498145
-2.645597863590616,0.32186107884113735,2.659942580197798,-0.2343376403807209,1.1482753613916037,4.355217691114384
-0.9315298185545826,-1.33813569865666,4.434220217878985,-0.07083439613215603,-1.6704014404961087,4.872561362925253
-2.1605558506548745,-0.33645218174183045,-3.0640900936090687,2.358758087024621,-4.710718811376996,-1.11747622250299
-2.145549651069624,2.1883422692497865,2.2002278652204823,-2.5383540601905863,2.184440467196393,2.738553147464616
-0.4166846756542171,1.027835731922495,0.9242947258214045,-4.436415885793675,1.1880893081290962,0.6714958813089904
-1.2718789629905887,1.4456317071692166,-1.6955578956341206,1.8389398577660572,-2.4471228873834705,-0.14006626494555263
-1.2374841173880835,1.2451294586831225,4.186672595629455,-2.1710058796066174,-1.1059642607796571,0.3241949774421802
-2.383850720824328,0.18318171727603527,2.055199391882744,-0.5881400959632694,-2.445483969396913,5.0661119109965504
-2.381591183497415,0.8094163567370565,-2.536939069929678,-2.01312037368857,-4.013669473955963,-1.2918195850688114
-3.929006693555872,-0.7383179841202381,4.232649523437218,-3.565318001604016,-2.136230519249995,5.344228987657917
-4.908800809096478,-1.4764306398341265,2.625874406549857,-2.7276655756850166,-2.260913080061144,2.6417046185434616
-1.5089639067958278,-0.09471145193246722,-2.6379798985561473,0.4354436614151709,-4.625920876970141,0.14961902797630655
-0.5535118533501766,-0.06011457553200472,1.06456468859676,-0.5471524229587699,0.6330513158485851,3.447169578855987
-0.5308317541534002,-1.0793219283118587,0.07224633552179596,-4.597025527936722,1.1254423243486333,6.00055948944717
-1.2771159946276982,-1.5277272733938978,-0.2818765737724094,-2.0457170938820153,-4.109383959799816,-0.9225629810076579
-2.2130807733724374,1.7804542000706922,3.3791007531367048,-3.2433545993713357,-2.2790655769864383,1.9624753046978092
-0.02237866206704453,1.4713014753258689,0.4790060926402168,-4.8668366143751784,0.12447992377081629,5.417667259217933
-3.190004858547468,-1.785503974931872,-4.221275721435726,-0.27466282389217955,-0.45969065621912386,-0.2630367219834122
-0.3928907472389245,2.449367574863208,0.7176660683707886,-1.7957905509957968,1.8644368644862999,3.6610459895676413
-3.2438783380963394,1.0116447635096821,3.466458137694019,-3.211731144895822,-1.1352586663902482,0.22642174737025736
-0.6192027428359403,-0.4881897033566762,-1.4057197634870788,-1.4391911359958942,-4.382053139684478,-1.4197999775467558
-0.25747375462953936,-0.22341572201432314,2.2056316376677243,-2.4526201677112756,-2.430136786306672,1.5745784302151127
-0.7598581616379603,-1.914700505715956,5.580260717168417,-0.16950769992365888,1.8398675857124216,5.222690886640398
-2.816269982188033,-1.5862724850735481,-3.3279137520969106,1.1634584283210176,-4.698058338058211,-1.7360336965521856
-0.5025478985337788,-0.7740968962626655,1.5214143290151805,-0.6477011766915828,-1.7312343771707683,6.130639459415352
-1.3992211813190862,-1.9752020454340573,2.502273843120039,-0.9931020376774704,-0.8988270032232633,0.6138549289835609
-4.718531483753865,-1.4517917657026702,-1.469844238216279,1.7586875850072472,-4.01379940119949,-2.430995088047868
-3.8150954098352456,1.941491071432158,5.922628449658995,-0.7654349488277692,-0.7172922965264461,0.8341960113573765
-0.6394712374334883,-2.021988336359844,4.27759621119589,-4.949374987808855,1.7879966981111526,1.3521844213405947
-4.217939438641604,0.7416807004303183,-1.846508869982536,-2.456684756356497,-3.9586953003300485,1.1099081398161377
-4.1239355404442986,-0.11877997379802885,2.6726071790775716,-2.1153713842148263,-1.89901154153113,2.676154723350228
-3.6626589216238257,1.2495631900683635,0.3665071062129693,-0.1716299745152865,0.10842845376145416,6.203438992641644
-0.4011285131925746,0.38536897225693867,-2.5034353132556775,-2.2873514415475524,-3.090073110085579,0.06347164136635941
-1.9585133972486606,1.7642470620648645,4.111919806246958,-0.11238117351256172,-0.3186297692439872,0.03796168533274061
-3.6072691478427217,-0.8168215446074012,2.9299338211913484,-4.187383408072194,1.0994555788489175,5.270637379982611
-0.6281291101896613,0.9783769908309852,-2.42639924447458,-2.4401981069764234,-4.35147377886432,0.037444493672386336
-4.746926465978631,-0.0051518435774848825,5.06297017499493,-0.5482496817955322,0.007727186765018157,2.089245748206382
-0.5275472056616781,-0.6313040281423783,0.28597781400907585,-3.5145982013326806,1.2343922714403943,5.928656309364849
-3.135486420441236,2.2207071898075084,-4.6901091632417895,-2.10086743367056,-2.9846519950606205,1.6278507180466875
-0.2246343747362607,0.6461812990814488,5.027070414077688,-0.414971452607106,-0.42124615296436385,0.013239480432704337
-0.05548497144872222,1.2056876783127253,5.683697948166136,-2.060908533355067,-0.3924251779864112,1.6227800502601526
-1.5861002254748406,1.4257370524316428,-4.372465314875754,-1.7679389647752437,-3.277018357792643,0.10357426756601651
-1.9224324628999856,-1.447098637031018,1.251272219482767,-1.9305316770129348,-1.812076316742242,0.4230619144046404
-3.872550196981897,0.8798500538294238,4.011715622439854,-1.9778414388708714,1.3453999791671434,3.976084864797931
-2.1878671673727053,0.06664122060321631,-4.628940786247328,0.4468898769522056,-2.5656847651309205,-0.6432173805266128
-4.732371264655897,1.213254857263124,3.318415444488625,-1.3082298706972937,-0.20405187358001609,6.251403773715835
-2.681496333792815,1.4149812329474134,0.6926299079190805,-0.3279228675917425,-2.415062435378903,0.1941173664976655
-0.8957873305591973,2.295290365894142,-0.683233043453258,-1.1384696492951896,-3.4541054722989855,1.4254974292104827
-4.712752096139968,2.4488033545663024,4.247559105241203,-2.066257109624198,0.29664792430772424,2.362548394778318
-4.107062699974114,1.9269389270341426,4.262816707945112,-3.80692793159523,-0.7434164021146468,0.33281361754047284
-4.986856756749665,-1.4393738389289483,-4.8162791721220035,-0.8895810009936462,-2.5974917396704296,-0.4004158426584441
-0.2225100306703247,-2.0551443608320574,3.2486571419560772,-1.2510661672223948,1.6276962346434924,1.4338095741525512
-0.9810115793765037,1.473757001768567,5.490900824069697,-0.9293364486582751,-1.2960057226875354,0.2844338854656237
-4.108070229465468,1.3861656424887263,-3.4255206194057846,0.13998880589911966,-0.8317195015463896,0.6521991827910161
-3.039442613591317,1.4450688611549185,3.6532841989934193,-1.710422153872444,0.2772998274002676,4.199590333260745
-3.559328111874334,1.5829469788675796,5.711511613369925,-3.445399133891736,1.3124534505083059,3.633712601143902
-2.6612738259667257,-2.4041227723486447,-4.179863091446327,1.2453755586550814,-2.2544037772167576,-1.9542734282263219
-3.147675937952976,-1.718319893979099,1.7145959776430229,-2.0659962948683335,-0.14641138560600897,3.49263983181489
-1.1532102943069633,-0.45605646790868803,3.022262958358556,-0.1792452562427016,0.9910312748251289,1.5360238774361878
-1.8455174744682097,2.3102782074284756,-3.8009732082767336,1.7504616130812112,-0.753858588810114,0.5815338038668165
-1.2110545613084134,1.0315043229999636,0.7086945171469997,-0.44191866657141077,2.205958551297547,0.7724671793619066
-1.622800450878426,0.3556938945961132,4.903179350906713,-2.020473638795031,2.4157581454031956,5.761389557103473
-3.704270644335466,0.49111097150295535,-0.2701247630198539,-1.9961777840293604,-4.336059254746223,-1.3183088778390646
-1.5688290627742352,1.6566177329848522,4.940005337798992,-1.4487796242743411,0.280632364865669,0.9361937784196169
-3.411723889156991,-0.6569658476896467,5.418139252050016,-4.708182990582986,0.7486830090303735,1.0112851908730875
-4.30615496112097,1.3459457397024437,-1.630134734409704,2.0863425302627423,-1.8454848664082828,2.403977848250708
-3.728525605621459,-1.8380416538970996,3.0662524337315027,-3.403685393735534,0.745192469142637,0.8911570420911431
-0.12353278229285891,1.681796107653036,5.042999441679142,-4.994154760696128,0.3128813850489278,4.614702036238295
-4.16572991655072,-0.0885387231043886,-2.6698938064483047,2.4900512680276625,-2.238882122561161,-1.7869745599298765
-0.07156537115494199,-1.6070345465314744,1.1204014523219001,-3.219151152800983,2.2945253588316508,6.187505836620366
-3.3663490699618452,-1.0751442869926187,0.6853633691386672,-3.1819299247876867,-2.085941386640964,0.7468172772280599
-1.9244200202019606,2.2302818256879933,-2.7935513709304916,1.8595982212239761,-2.3313148066234035,1.0411811664910897
-4.09848017509708,-0.1284768455397889,1.3947483622730992,-4.770224274747791,-0.7340141976763459,0.2841149360911323
-0.7738939332323387,2.25137941478401,0.8859895991141136,-0.31795640183366203,2.4807534489440073,3.0683236901546103
-0.2593118093287572,-1.998528758720464,-1.3140244129757706,0.7576713702015478,-3.554306728355126,-0.8163543385096517
-0.9298909055096143,1.667780698605549,3.778516160303577,-3.413335881018132,-1.0675397559916004,0.8647508193374082
-2.248024112353533,-0.13505961515727893,3.069887219609171,-1.3011075446774405,-1.7826250112265518,1.55843244537884
-2.1057654396420364,1.3615853346434919,-2.10234444769477,1.1983774974807342,-0.8531438282463899,-1.960149380481246
-3.1736677292023785,-1.3205072693300886,5.204733758800039,-0.615269071500018,1.6851491099983056,2.522731598578311
-3.2184999382133923,-1.5086983193186054,1.3990576202013034,-4.965579811028679,2.2165645586819984,1.120492631255329
-0.2486188252060234,-1.8800755695628584,-0.6990730091568326,2.484532548860761,-1.923844364253563,-0.6763265941196024
-1.639807987996615,0.33380400630698315,4.961811944465839,-4.9954427232325065,-1.392588316628109,6.234621245481906
-1.9785105452089495,2.1773633317333188,5.112897629363049,-4.104947836499101,-0.6633640053178698,3.329892227729283
-0.8604559758017233,-2.1103030979162534,-2.332823800254919,0.8578088934882064,-0.5497063167079125,0.9818512214510884
-2.4778511923999824,-1.4982364118425184,5.578215107773441,-3.6202977083704173,1.5173684926654252,4.208535674088878
-2.695752740380368,-0.860499519075848,4.816415023880224,-3.7837807620008768,2.3150649553157097,1.6173010847143885
-3.0744556295604575,-1.5194012454051042,-4.664956705721788,-0.7657406430979175,-4.350480231969756,2.329719423537287
-2.535139578418738,2.4127482799211,0.24083622044778252,-4.2641489837677105,1.074434248724164,2.9419647731678475
-2.5366630234540004,-1.6396846768394258,2.109898573803954,-1.9873274740970777,-2.2134941855016352,2.753039926511394
-1.8512578390710532,-0.9021280799978264,-0.23968218940704333,-1.9852163432596752,-0.6869223974070898,-0.25593331066286984
-0.8993883808320664,-0.390511206588009,4.266301045171299,-3.4579380422544483,-2.4735943672917013,3.4898420369256513
-4.955082904598415,-0.704663589413757,2.637551403539146,-3.630121450445784,-0.9888812148040094,3.5010274254547538
-1.3421837842470419,0.53026766013617,-0.41743970688020493,1.9373903964259744,-2.2339506446956032,-2.2059723349280294
-4.839161544086624,1.8431769485500888,2.1816901763085306,-4.001588426351019,-1.7464250554670575,3.4474956620143575
-3.2534054803580985,-1.3775534150448627,0.9164358800929949,-1.0625747533659502,-1.6414377557686448,2.0689680190810114
-4.704132114369319,-0.9438269982411873,-0.8341031576894437,0.9932390520823278,-1.8957566968290989,-2.061313188486955
-3.691069551057607,-0.9230294795707499,4.821441207609422,-2.5002343344657847,2.2430289545170528,5.774861940650916
-1.9719962886446658,1.217227427026918,3.2443333782175374,-3.396316302934455,-0.5302744505415031,3.6135190943943183
-2.5374650143273803,1.1916965496756098,-2.960789846427878,-0.5865279628382298,-3.062058028094985,-2.4348049347555762
-2.9371698198146006,1.2025091004547352,3.6909707636375764,-1.5397324786021227,0.06887623136066168,3.6005083344335858
-2.867560632851167,1.5652305831798081,2.2387341574175412,-0.0919089585734083,-0.3502088834946533,1.2358066303967103
-0.7333300069262433,-0.6168674517767743,-4.057102552274866,-1.061066602114595,-3.579830288424098,2.019975493459378
-3.7118698516269513,0.287562315603318,0.043302573543782356,-2.0481438757948265,1.440105827573161,1.7521061678405934
-4.8527255892701975,1.0687024720063851,2.020850284375551,-2.1580226906317748,-1.144364352460085,4.904815531590536
-4.304031016860398,2.3601036090246943,-0.5815467717464123,-1.2881464526333293,-1.101997151589511,-1.2111234430592
-1.0766307237060762,1.094409201429337,4.223524473262321,-2.5324678374545835,0.9086121740455706,4.6800084979664165
-1.256076743962658,0.10287887044673472,0.4494559550596551,-1.7095219085229068,-2.4949457872614804,1.1452561856167738
-2.268497508977756,-2.2335498787849972,-2.4080484711155137,0.5566553459453876,-4.724726099481701,-0.23403967331111808
-1.2458089347872376,-0.6267857892588609,3.6914561219531574,-1.3385675239477268,0.8464090551340653,6.115943650249981
-2.099867480302067,0.9761207082355705,0.7441202997149137,-2.345991389837815,-1.2487382947223762,2.613338851971273
-3.7293073464653155,1.2475119168022064,-4.8194687433355945,2.448053049315411,-2.798760246721316,2.3928114060852117
-2.390774861144767,1.512133497172103,2.3044252061809245,-3.1777282762554817,2.2674453794490734,3.1310468851498587
-3.354885990168289,0.12094359042724312,0.7780391726301487,-0.6923532844916203,-0.27696778284611856,2.475648948002569
-4.021609260139856,-1.0319418203443154,-0.1316863392480755,-0.8382685014289786,-0.1392766161506448,1.9513205499422668
-1.2163665755966009,1.376042039475295,2.615010577288472,-1.2115649223879603,1.1160784305168914,2.523540102385119
-0.4122476602821994,1.5483411334494264,1.229601060817472,-2.6766678560416937,-1.9697221578388147,3.9179933343368307
-3.6375088554084374,0.49577937923470206,-0.26186560684419546,-2.4972350589377292,-1.0077747393016068,-0.5052352760984691
-1.6186791704139987,-1.5991206978783357,2.4969834995858395,-1.7756726137127954,-0.09133297483225666,2.9935006289177095
-2.6051185767680085,1.2863219917461466,0.7087098789089986,-0.7062002302702037,-1.5203814298632534,5.639933620503815
-3.388131682323218,2.0301443882593864,-1.6439095087883893,-0.8810632031584553,-0.12595213066100064,0.9783752746676817
-2.7151240653101656,-0.5255837014446767,0.6097268539133502,-4.595831910025382,-0.3843044775208919,5.132881953291504
-2.29369239333804,-0.035495681771613885,5.4364838315211115,-4.414949453720062,2.1112348414787725,5.688092809264927
-4.293870380117729,0.6042936136587223,-3.9255379463416458,-1.178952774723006,-4.808572625603432,0.47678010983426145
-1.237920990111487,-0.4777712940508172,0.8987077995675291,-1.3023407732084449,-1.1507636127508447,1.3305996252139147
-2.471434374088985,-2.3847725334859167,5.989956788901643,-0.08226373350372462,0.8775754267828151,0.16468681730650314
-2.7761613176265887,-1.306156414358353,-4.9537067663728225,0.19586806445893457,-1.2861204659751746,-1.604628091344225
-1.7470362221531954,-0.4966494390449383,5.355869373604129,-4.2275738456785685,2.0239263960052334,1.676982446366175
-2.2522835892210673,-0.27646862378864556,6.209473836427958,-1.9672376532435774,1.2957872029272521,5.225192116067366
-3.9550151632771327,-1.6365209332558912,-3.8920270641576256,0.6876582705087531,-4.149929347527813,-1.6319861747938014
-3.3204963119426845,1.9208546565255498,1.8009761181043449,-0.6828622126761283,1.0726209435918554,3.1849783315388907
-0.9617006693327506,2.433082651007746,5.34981998293621,-4.830054376708271,0.6765100306677101,0.24188890551137499
-2.266614194656081,2.0435659936025825,-4.08420079049619,-0.885568657083013,-1.6089972321549284,-1.7991854824029707
-0.6515216866749949,-1.2507592271370005,0.1253182225874069,-2.4339200454761722,1.5385083406795887,3.4457615468764593
-4.431253402562755,-0.6406802641840099,4.3846748226703625,-1.3138694968685733,-2.0868737194123037,6.138892049936686
-3.7467175070460184,-2.2974824844935564,-2.347845569156034,0.38843940085146356,-4.70510511655316,-0.1374783541772362
-2.4373442223521318,-0.5628815302394952,2.921984142404534,-4.088329459185997,-2.381170723520327,2.7947711446774584
-1.8891467337406507,0.810290192884549,3.408347342195277,-0.33790735544448136,-2.2834562868364645,1.266160835913317
-3.813734920933821,-2.109699874913292,-1.4454762152463896,0.8977859184755377,-4.917480791049384,-1.1173846232389466
-2.624366781222119,1.33889391232128,3.8981214645273092,-0.6526763024940649,-1.230518872330582,3.4457971267211405
-0.5013390992860849,2.1398564894951253,1.4554428093899097,-0.8067871418065167,-0.9623211474941962,4.252420001359346
-4.509341724808111,0.9226995409688459,-3.5035192832003057,0.10565364162400437,-2.252734965994672,1.6837737411464957
-2.675649476539876,2.3692032691662472,1.2444205179817496,-1.339910441394803,-0.7522388328292888,2.3308235620177338
-2.75216957533762,1.614903391968883,0.08407654872197473,-0.11793083138232952,1.815614730211685,2.0990342605172363
-4.257305795454776,-1.8618484188932594,-2.8797275809125726,0.9461123532433047,-3.945282844825037,-2.0513590351044315
-4.439859489489217,0.5187619569267614,0.3091323044855306,-3.0790261999034287,-0.627546432266135,1.3733841631286552
-0.32917631402486336,1.626613321471316,3.74511106346636,-1.709846180877439,1.6240397795673394,0.49426670711639503
-2.9063188063427994,2.0298898169967377,-2.4776303233102666,1.829901474240808,-0.7487794423252153,-0.2959563030994672
-1.3697103708714167,-1.1681040442857142,2.5968958420797317,-1.6292606158706562,-1.199611912065689,2.1415190726302997
-4.776751047019111,2.076105574196184,1.172602993208177,-4.880699775086408,1.5875467821636748,5.177803311363095
-2.45895233046466,1.5938761414388907,-2.802066198275688,0.10733484570489349,-2.3416498534741286,2.2080366128595825
-1.398384776753932,1.1956585186305082,5.803717968616913,-2.6544643036949402,-1.117187341632464,1.9828653121646733
-4.867858440231301,-2.4372607669698003,3.0021557681323117,-0.012769311387910598,0.6998715645261959,1.5646069658619062
-1.7393416228812386,2.386638948070436,-3.4154724743841443,0.7069168225699451,-1.5881627464316912,-2.013660807589461
-4.923295934796459,-2.4441338888356667,4.797722258337438,-1.5285849963762193,0.6506418733106099,5.853678342278369
-2.3388579010872106,-0.12490853565024285,5.5737630586750795,-1.8930641981423162,1.0676602565657922,0.7714278943886761
-2.6504384727211105,1.8594871186718418,-2.8944347422533525,-0.23256253280936878,-4.103186717050556,-0.2580159388183545
-0.39083986249702285,1.6956467840541807,3.648128808686047,-0.7395819489941191,-1.8935308087689695,0.8523984753761839
-3.441902986656525,-1.2801904106043993,1.364215727111718,-4.890420565914489,1.802432880626828,1.6554967284083086
-0.016048626096093477,-0.16894267478269764,-0.031572416010101634,-0.15624295749137485,-4.616916227265946,-0.5019530685632527
-0.4481028964031619,1.8933106014749015,0.17472921407268444,-2.3467887145448696,-2.3841321353893092,1.6766907573872067
-3.774596975196694,0.07324904404145238,1.6872469526154583,-2.1711869218740154,1.6629774008599032,5.18458152905742
-0.9898645587754662,0.5037268621195885,-3.3076248667182058,1.463844420086735,-1.704318096159042,2.062124973562468
-0.7520153011844632,-2.0715936095879695,0.3192018678907919,-3.745968181465199,-0.862356861334459,1.919118427981881
-2.552399366233936,1.3714134809376697,5.468098997354084,-1.0425202027909068,1.667742952555055,1.075428749642788
-1.688446651714695,1.3638304255178433,-4.482471603878176,1.6510705278672084,-3.538128520696575,1.4599425329489963
-2.8967730953547384,0.8365276648344993,3.6811465666561536,-4.327581387826823,2.2695249028260616,1.3621233627822922
-3.5064430715981314,-1.9917613187302812,0.3951089076669998,-1.713180016758526,-2.340446646538866,2.352485288888134
-3.1575514949656167,-2.27246901585038,-4.260043275857337,-1.8423665616820373,-0.6576868089644444,-2.2263770503421942
-1.4936778832311775,-1.326582683223857,1.6577865112405588,-4.244895036435135,-2.4311313831417767,2.1613813363210532
-0.30039494420919155,1.4586507605321035,1.2342476842512187,-0.2773042057758959,1.131893752893542,2.5898972192354215
-3.348364262371036,0.7856157375121251,-1.1741271549078287,-0.755945835797539,-3.749440884989001,-1.4938332084669907
-1.2408676825461953,-2.4829660750237528,5.71641437566453,-2.012988447577188,-1.6620604411577666,6.178220848376229
-3.701575214638072,-0.274266623890119,0.48700280822340675,-3.987787839518478,0.06569336341501053,4.909573686016258
-2.09558432793093,1.0661529039787059,-0.6538599424674413,-2.168791694665022,-0.9918209391005373,0.09824106471959038
-0.2949963916131182,0.3181040624833109,1.8733601888397242,-1.070292676759311,-0.2320197240227344,3.1642338342341625
-1.8828652251718125,-2.024819002148452,3.3986073472545715,-4.940553271144285,-0.9804826608147177,2.8758652708687458
-1.5250953827176268,1.965406241427024,-3.6809665889034675,2.1232671981654345,-3.162854443087743,-0.018054373196098705
-3.8820304698876944,0.28884706532160553,4.254723799304171,-2.0022754608231197,0.19473558971363714,4.190140489522435
-2.252597027648683,1.2164851734827176,5.910068537325665,-3.7127188015234913,0.3574840924026885,1.3762180331604505
-4.318849640443409,-2.464282214715434,-1.2085174816341282,-1.7528030655198905,-0.8143613799931332,-0.09391298533277626
-2.0603340242064334,1.924972197612595,4.644462315171306,-0.39815587021057297,1.7861410557775157,5.818453213887557
-2.451169011136622,2.1988496846454266,0.928308093170539,-3.8175691550174133,1.5265830105776823,3.978843774698908
-4.320660681245712,0.4861513567669369,-3.312127467434902,1.7002232964001571,-3.749894716740982,0.15460896862210127
-1.3530301998235537,1.7599246594928477,5.893558043824473,-0.9630367018034791,-1.9824189480324534,0.15614531367042506
-4.7721602663354625,-1.3416665140349822,1.1457573554149287,-0.3894749694657733,-0.8677703558440046,1.3261210021699614
-4.561057337324109,1.434181541410184,-2.0802506608330966,-0.49815523878777146,-4.967370912973012,-2.2986149895373353
-2.3273031407818774,-1.6983819280535477,4.359001297864185,-2.642061830999704,-1.3853826492059051,0.356604380621798
-1.4703213458184115,-0.5330003414000735,2.7008117691292157,-3.654743072659541,-2.3649692324850107,4.830584253903028
-3.7831572741901507,-1.7987095799195547,-4.558470571273643,0.14875122838714994,-2.3743333314083275,0.9812384837914307
-3.87570581466304,-0.19328547411505248,2.599270455772971,-0.9147666929366531,-1.2251746172540918,1.7307952286470691
-0.6256320406386369,-1.0711344073858053,2.0592416764398087,-2.9068911435320146,2.194699349149966,4.4777817017097234
-4.935090031017894,0.5195336756194191,-1.4352580094247753,-1.4981255820605321,-1.2425887484044218,-0.23377409680426675
-0.14795268263186045,-0.4979272742444092,2.3773519991204024,-2.27473042796663,2.443249027045625,2.4177343464414234
-4.8531720283550595,-2.3532829997342657,2.9120817143477526,-4.066292537270073,-1.028286697976621,2.739556535770657
-2.8611973447502987,2.379989171228498,-0.09391476281446043,0.09910870209564848,-1.6355140130628099,-0.057106752406840045
-2.945978495860439,-0.8601952657170775,3.9662405738944004,-3.4679043407125802,2.3368432782046904,2.0282441622853873
-2.76768372369688,-1.8735146290691014,0.264360793835444,-0.7021307562605967,2.3945729503753928,0.624922195591195
-4.13603686888293,1.039377241685528,-3.390862866270182,-2.403487462281084,-0.05282514439350794,0.10746991095132552
-2.59896368646158,0.9616915086046807,1.6154374607068496,-1.1473983571755344,1.1620869091241004,1.2179939415413716
-4.532449308512158,-0.7784561457172257,4.432331966088269,-2.601547293151281,0.1963143355853445,3.3386178832884568
-3.9808836099489757,-1.790854034169328,-0.8002243934616837,-1.6916237814055353,-0.8777246632717156,-2.2296631632002804
-0.48248115162830896,2.3137692179081863,5.482177813775382,-3.9715565439706952,-1.3775343837751175,2.1903930848599127
-0.9542498055449133,-0.5338908414599435,6.185287630364437,-2.938335087879641,-2.0689406806038813,4.731382556200893
-4.264580022940424,1.1912703073471196,-2.254986620652936,-2.3193033279583037,-1.8144201995836933,1.505518842403287
-0.9445854678309002,0.009150711077163809,4.174849064753886,-0.3160410218518601,-1.8639887950971379,5.9997506181742075
-2.4071606526478995,1.3630691746330506,1.6230017808345907,-1.9914869213047814,2.434703865011249,4.093470496080181
-0.38783604600312827,-0.9970052153229658,-1.9307507951891334,0.8158493897923536,-0.590696367872216,1.253114331072131
-4.339364611592563,1.5397293944044321,0.3723746207869195,-4.315077909152163,1.0427972991443575,5.016211239778614
-1.990874755943477,-2.10772460417279,2.040606261294564,-0.6746644158153909,-2.265199671552274,3.0511657688685325
-4.189562678352894,2.154410730624023,-4.699122344014379,0.2069051235210977,-4.3683463797939535,-2.137607514730748
-0.2072543114776515,-0.9490599886420177,2.632261174969688,-3.29300518208346,-0.01208747328734372,5.595546422358153
-4.714812768565276,2.4830285534309207,2.152980135395969,-2.6689330551201547,1.6853780640413731,1.7214551922490182
-3.3224746377811947,-2.125656820269202,-2.5993128361312583,-0.503046106945872,-3.1500049950096356,1.0195746626767228
-2.5315815560678345,-0.7356858910685571,4.581328685332889,-2.6721199499328314,0.7373970208929572,2.645812920171616
-1.1138519666092255,1.0295374808555935,5.412795379068965,-2.159355297748542,0.18364824046767936,2.8122088394240774
-1.8096203712687613,0.840838829782542,-2.0748643873630663,-1.3873974401139884,-2.20357073587425,-0.5135513626279948
-3.134826963686395,-2.164854694859182,5.105841858990913,-2.831350394834061,-0.2965654714838628,1.2942841160410739
-1.545934994813289,-1.0150635802227725,0.6350905820742746,-1.1899647022381066,-1.654805306625435,1.7208415070517278
-1.2490984341651519,0.2273260356946869,-4.97643711789454,-1.0636758064162093,-0.8593547684537978,0.12887114028006152
-1.3298308399158905,-0.43137409207211785,6.140150333368053,-1.859914872614001,2.2789393585031545,0.030192302900879712
-2.486836883869347,1.5293876968310203,2.492415173135088,-3.7487229426199264,1.2004426174674911,1.177934260937343
-0.7016625846498037,0.9859463379402635,-2.116141513720488,-0.6670974491696979,-4.835143002515864,0.29394890937532026
-4.204953146490694,-1.779563908594587,1.657380536595483,-1.0477257387586292,-2.426405104236982,1.2921999747565707
-3.7210015233579528,0.8075596077748903,4.8340425652473575,-0.9317939261035662,-0.6076322146839526,4.657953605818213
-3.8341553899899044,-1.371000649750271,-2.0586093853983116,-0.5819983119273131,-4.228251046253072,1.427605788996786
-2.8981487653400757,-0.5633833390392751,5.217596851703128,-2.89550131490322,1.4735881044012529,4.177624080772983
-3.5208583523566346,-2.4109229354601402,4.58534859988936,-4.270290136693068,-0.7356170844562937,0.518186736530189
-0.17923354443745765,-1.6672173330900746,-1.566088008832987,0.09719535332206819,-4.69812545973593,-2.2028235190113388
-3.2090822015364306,1.5459746929292866,1.9993569335033732,-3.7350753086664645,2.058497156235589,3.1130883587709164
-3.158414723796508,-1.2477571561382645,0.9324080973523279,-1.3197584029226155,0.014195926414500182,1.7808451906633165
-4.875397075895812,-1.5740325283764878,-2.5850890418937986,-1.300237144003888,-2.1872684256333,-0.5740925960031207
-1.4337015502014006,0.27609172892034506,2.4991157755976325,-3.5321993211979175,0.2665997780822673,5.801592378524439
-1.0700365805020038,0.09853127396931871,3.9551450760311235,-2.9802452464959335,0.5921952628323677,1.2679091765160109
-1.756820953183071,1.8497429081221597,-3.1617797576086915,1.2131079762246557,-3.7020722557345787,1.4979902523703688
-2.9698780174498145,-1.2916596201331414,2.4447824533533034,-3.7816403644806025,0.0998788098249821,5.090847730022343
-1.2859712501042524,0.7755550425657369,4.9966470970739,-2.0328262220090636,-1.0901508611497541,2.7513646391980062
-2.405657001853693,1.814524944835795,-2.2440542485257238,-2.1998502808221247,-1.132361176255362,2.1123919313575943
-3.6702222362756363,1.916633406394432,5.805776174841585,-1.2100341738432001,0.027337762484377137,3.606093153278161
-2.007965691755071,1.740146218148146,5.771263687553767,-3.9822608702010784,-0.46823816198647084,3.230492197044383
-1.0352146223686738,-1.985253890509246,-2.5268151311896396,0.19270514847033837,-3.295663045560783,-1.5576331343412286
-3.105253729762956,1.5747005899586037,0.5990576379771281,-1.8452222963711957,0.8059142543531732,2.477858145346214
-2.3479136957568953,1.8947819218288622,2.691047187533471,-4.071317474157158,2.2814873943831335,3.1223311368388185
-3.4377584618441666,1.7018221722001456,-1.1563740042725723,-2.4639861740289613,-3.303971105751767,-0.550613537492946
-2.6340733497068176,2.02340036387786,1.677978651104205,-1.3966043396237855,1.4580155193311253,6.136079879903524
-3.6980541515676895,1.6447381230878593,1.5063133755893459,-3.986314774224148,-2.252485402960774,3.9133314815730027
-0.6846393472989482,-0.3037467366065867,-3.6585778156049296,-0.060362323344610225,-1.933610557623426,0.0736086033487715
-0.402053450545214,2.0412486571837887,6.230744646152262,-3.397365260648541,2.292022137419065,0.8561020234185347
-3.8460873141790985,0.09651476406367321,2.7410556480512893,-0.40246674808271177,0.8458966052054233,3.7480546888470507
-0.5782326116442582,-0.2685427001577456,-3.047594479312388,-1.9912731148184526,-2.796610113838102,0.5791324458758695
-2.023282870737391,-0.7637718462108585,1.1684596198602573,-3.0632391862989197,-1.6607824138616882,5.552559848815549
-4.7208016779000666,-2.0492106238345222,3.7123615591917773,-2.4510425136634613,0.9595779876873278,5.353558426194191
-3.665095718645724,-1.432104344080184,-3.793724798428996,-0.940162392218804,-4.144256472546533,-1.8577573312872642
-0.5420927864305094,1.026658984137848,0.5306198367381689,-0.6463783633006877,2.25826475960693,0.7002577311502451
-0.4395913863823582,1.4101808141213774,1.653530119315259,-3.2496997416327202,-0.6936986021243001,1.2755446463251086
-2.6116358399191615,-1.9203520190924095,-3.704198786931877,-2.1944609757185978,-4.3676327480217205,-1.2681746737589628
-3.8708565500224994,-0.8273122083478697,2.8172334475265393,-4.839460149023975,-1.8408359537652264,5.418494919260385
-1.876233163155641,-1.4582204569260193,5.479022283131024,-3.8386588869149643,-0.17235202137994943,5.306567822211025
-3.0862492060293025,-0.9331403753798684,-0.289079505991125,-0.3807802175964472,-2.641438292025464,0.8277179748784711
-1.1489623200049195,1.7362692895941247,2.7611422530132743,-1.3965594002713404,1.205488722743684,4.050803996992873
-0.916711589866023,-1.822581833134902,1.9261419764076586,-4.398593962908545,-1.474122513771211,2.0849136409774416
-4.877670016246466,-0.9957635027957186,-4.702451817399037,-0.2953136196666284,-0.11043096604301195,1.6245453790276159
-4.520527002300253,-1.6610760839807492,1.1725777881695283,-2.409241199786819,1.0135573429106683,3.46978494068342
-0.8365481150173171,-1.6076758744607422,0.13426447154095592,-3.9780875592653775,-2.491816867834953,5.638552668789452
-3.6536804899409847,-1.124416628406697,-3.1940223013958184,0.27558365772033433,-3.7316852375142067,2.1476932316228385
-1.055821098543066,-2.2621779178760724,4.372368666421762,-1.5870472967551414,-0.37302881401463983,3.0375203868808773
-3.437174875048499,1.9040952526514507,4.606303565021406,-4.626648814479889,-1.5788435106886327,2.4417529008533414
-2.6558285108906086,-2.1327925235959704,-2.019032958951378,1.1272470164846098,-1.0238742431734011,-0.7034066323658967
-2.8185042720718307,1.600213768538321,2.273502472955615,-4.59744402407436,1.2749244813831058,5.433376541147408
-4.539689072241126,1.4043242672116012,3.2733977915276946,-2.7616519165564157,1.5151266543070339,1.5977375143159795
-4.084897900652935,-2.2354503988256953,-4.211454233331781,0.2859670008456634,-0.8067472514786361,1.6394277000375626
-3.098970377303063,-0.35157248701962907,0.1422490186968579,-2.5672831220986083,-0.0433303987228193,5.51932626960986
-1.391902744733327,-0.2057582151663775,3.7698210105786725,-3.8960248215330036,-0.2085911999205874,0.644326717192079
-4.764895395972867,1.515064048383917,-3.2727556279962733,1.3565988469907602,-0.012857240042072893,2.0656278859934023
-1.4820281515468068,0.8449191907366616,1.0711370894336922,-0.23934216605683112,-0.7752799203446932,3.5168232736256537
-1.4249947088831831,0.23497669520525033,0.026042566118364082,-3.0721362213653096,-0.2436013011049063,3.9876606307169227
-2.2617454187212953,0.07282546407903423,-3.357398192857724,-1.2362904158595678,-4.604290651788034,2.326809461041411
-2.5781226802870627,2.1825907411094185,3.4728726132232683,-4.206118120769277,-0.22308746799712909,4.281482921534533
-2.020791262599062,-1.617042609666635,3.6232909122023065,-4.938105817900535,-0.687031056405472,2.49357584566267
-1.9896841361746738,2.123276594662725,-2.7425999775970773,-0.25800862820920845,-2.3804821509824987,-0.9875978396071265
-4.422167293329289,2.0711758900332224,4.300258937861154,-0.10574172711026453,0.26125237721917305,2.150075596891833
-4.99703118193252,1.3539501605874165,0.2780501387300734,-1.4301522807621865,-1.0070045525106512,1.9102291997111054
-0.7098269341991059,1.8231273295880674,-1.3912059835692403,-1.7620504770206642,-4.271751064012829,1.192837440708307
-1.252203933285434,0.14582740164662855,0.3009865435544166,-2.9023321511351305,-2.324465114879767,0.5728189608436041
-4.527674712941582,1.4910043384476523,5.185321510436854,-2.2348728276669623,1.9048930602695586,4.8085902738423725
-0.4083297161264754,1.4625674962566015,-0.42384756103093335,-1.5799679256422416,-2.473167686272067,-1.7808063405712709
-0.25116019641215104,2.0986311246134175,2.5962058751449915,-3.729752748023411,-2.2237967368647027,2.831773218199479
-1.6490388575143333,2.1232540107863116,4.121261668430526,-2.772014011189082,1.2037642911210789,4.256018484692476
-2.415911980976422,1.9454376333276002,-3.459317240664699,2.178840895528726,-4.6227063978819585,1.1602887021295722
-0.5424981445797812,-2.1733696011670443,0.8686068241112638,-2.387348404889572,2.187573811785988,3.064805494372363
-4.050576433340288,2.340775246913166,0.31607795069860284,-4.38838993084848,-1.9335758252772672,2.2058043129333504
-0.35942572317900934,1.223890783430388,-1.0020283496735338,-2.014816611162173,-3.080225594283954,-0.3817644709796819
-3.8691321222562713,-0.7178545830011895,0.7485702061014328,-3.0750187138420064,-1.5381654024438491,5.138344070497375
-4.112396957998815,1.0938007916806418,2.322375074624729,-3.698416123358172,-0.3152176673519036,1.512177052708743
-1.1493171464362923,-0.2322784462180616,-1.681882616280902,2.2779983856048727,-2.85734285704426,2.449096870490745
-3.0378172201229874,-0.43134222081146056,3.3196623716329334,-4.921449216829499,2.126875075357802,0.5077952754415894
-1.8283284262360273,-2.1392095785616676,5.143889322746197,-4.465456364141297,0.9060432474971081,1.614747981223142
-2.318183998388355,0.4650180370526762,-1.2173673509462408,-0.9305695943466081,-4.51330518008228,-1.6703584238626112
-4.38510005798366,-1.1825705739045773,0.8985923598541803,-0.8124075609381887,1.334714933871326,1.1172266242342968
-0.06576579767734092,2.0295046190579678,1.43050084148199,-2.7689518251797884,1.3000158262593944,4.377656626134627
-1.5783680404826317,1.9742130698333202,-3.975510134411801,-2.3802270747220304,-1.0383619215857571,-0.7693074732209921
-1.5360846097610543,0.1841112466979382,0.7040448502325394,-0.6636207426038441,-2.0064072039669827,0.31482912854479383
-3.499205390357833,1.7234482671359954,5.417852827594993,-4.805020025020053,1.7208112135004363,2.7416669064171653
-2.200947849939516,0.6935136619917408,-4.331697657322691,-1.5457873648119358,-1.456513932799327,-1.5925556482459224
-0.3921621951129497,1.384000075938017,5.388578799768105,-0.5739537926700331,0.15381947296199971,1.1484771144317647
-2.9953173985241524,0.26338887884419027,2.949507464229463,-3.966875056182886,-1.9244118236029166,2.7351064738031603
-1.9178640568003797,-0.28266968350424015,-4.390745560073924,1.6943191095422003,-1.4385483782962578,-0.7491224596157982
-3.4557832619794437,-1.8004985465742003,0.050917974330746595,-0.3195406396636429,1.6650989632741418,3.5984065400870917
-1.930358618775755,2.175877284352132,4.94154433577726,-4.194417038986542,-0.04914627385993686,2.613777536851518
-2.755911021720996,0.9703645233625213,-0.347979826816347,-0.7909577093939251,-2.961032299288096,-1.7604752015768121
-3.9784085869169767,2.064080019103061,5.556894598106958,-4.3033314594506225,1.7162318312332294,4.339161119848928
-1.3403252704026136,0.8563423962394263,1.9008872800011767,-0.3077844477212208,-0.7451897753925811,6.128439955165044
-2.6157365562148307,-1.3207047994821097,-2.873045354399034,1.472709005881625,-4.135664451160996,1.270974754637559
-2.8696074524226303,1.6688490956069044,0.30294900437935,-1.0734864801421784,-1.5293639133457093,0.05609582722425927
-4.931808822262757,-0.4649017041656127,1.8539486686589561,-2.64815157104627,-0.7378535096317307,1.18496699620984
-4.388305709269305,-1.1283789605814336,-2.6571406276748517,-1.489395104743313,-3.507413822101682,-1.3382764981516342
-3.2108602163730557,-1.210935031405766,3.8038404055065165,-2.315783511937821,1.3079459407403804,1.9330064873823782
-0.7785947847089894,0.20542983749562582,4.046473834715206,-4.874380970727017,2.2498758803628505,6.129198540682358
-1.8922684692963627,0.914067667176433,-3.260306296874301,-0.6539733175024409,-1.1656115374337794,-0.7083587532265712
-0.8042977569908425,1.33488081195663,1.111413862082662,-2.567636984626886,-0.8336457401678377,2.366974224761923
-4.8338408897860745,2.468365105262273,3.7520768347321507,-0.2653648416571128,2.0081657558679025,0.9729989911260994
-4.49657978142478,-0.937234695694833,-4.018219046011316,-1.2335534179517156,-4.185688893253204,-1.1683235909172607
-4.384528653639931,1.8968731150490692,4.4502908163216235,-3.870589141367335,-1.6280233271809967,2.340765230067947
-0.9228603217532516,0.7511041944193457,1.5047226897300494,-0.6033762974541093,1.460592128553981,2.7420820066481455
-0.802673978192377,-0.9546599173243742,-0.8633830898519324,-0.6568508238825999,-2.3306002656155655,0.5242405562700947
-1.8297301633930592,-2.287626820613102,1.2223315486485349,-2.660893668122478,-2.071580715530432,1.382796564587319
-4.556650453393783,-2.0384445126224993,2.9982631956797023,-1.568229096956129,-1.291019858379288,1.3733992350248323
-4.104059820780655,-2.1747306869008303,-1.461070910099072,0.10151880730168372,-3.481403396143495,0.5384752129137538
-2.433659183533744,-1.6375549701707204,3.0265342323426,-3.870907952789207,1.8496466171745647,3.5125985362994134
-2.4950490995375896,1.4804824368980336,0.707673311393724,-0.6167717297106403,-1.4318515685180733,3.3401061701782
-2.070021644409123,-0.5898341008398367,-1.3594361616631017,-1.0985804444052172,-3.894839355843141,0.15875619416663378
-3.485722790036912,1.1498692390267866,3.418176632786707,-4.4358089962723195,0.3759795009598852,3.4514441337897606
-4.154586925900443,0.027601416827931935,4.594416416013404,-3.165910138652622,-1.7800234383292528,3.217775345269629
-1.8688154953468143,0.8872383846775649,-3.5389066260764617,-2.401790064573741,-3.6541661201067543,-1.8255571662382324
-1.0149126129807726,0.262274852124432,2.075154670997499,-3.0669498202770424,-0.21649751311916532,2.5797068876817146
-0.10381617885148842,0.9911062623844415,4.67576871622416,-1.6221305505741483,0.5397423958614498,2.3252250625255306
-4.698678725906237,-2.3731587772725597,-0.48597626949885675,0.29710397959682755,-1.9984429627962663,1.487880076414064
-3.5683303344134005,1.67978052403474,2.325347194980171,-0.7755120137550033,0.1259484126966055,2.351449483631591
-4.085207221309664,-2.352950275027764,5.663626383535481,-2.779835536751509,1.1292992886361635,4.131612259624941
-3.3385408760224418,0.591221190209458,-1.8429375508866337,0.026848070330396823,-0.6098900660901363,0.6944481915394856
-1.1229057205384505,-2.4734278997657695,1.8564003803911384,-4.811331486097866,-0.056423671926811636,2.104075147823098
-2.8565037473893726,0.38243611763940333,5.497202116531697,-1.5341102125961292,0.6605164639528427,5.758896711946342
-4.99908583826762,1.641559337884634,-0.9764898878859296,0.9072095304212615,-2.086098566059082,-2.348694297040017
-0.30574438872085086,-1.7343690022662779,3.1397568998500316,-3.8489511777314793,1.2409274979776979,4.7866286430287115
-0.5817921977723586,0.39138051511124683,1.7501498449230108,-3.3787879420578792,1.1962881624403945,3.2564871558521813
-1.7975265280376296,-2.025582467910523,-1.3184256265790566,-0.80252018465456,-3.041674251278223,1.7111273656239243
-0.8575571853012409,-0.839639474780054,1.83244523553902,-2.2262747533726697,2.2140452642122384,4.821791862697034
-1.7695702099193484,-2.3569544044856725,1.5083808576959772,-1.4737925027881218,-1.6046305442358877,4.15276362189759
-1.0498577017187805,1.392279387436898,-2.3261016107017602,0.7615656234206636,-4.415311557535827,0.04946265716529474
-1.8378288087932249,-0.6659962512026212,2.9545390760758448,-1.6646849529358114,2.2003191929324837,5.016885342251572
-3.000928539763217,1.359459911765986,0.0047669063824218785,-4.903379038226181,-2.357541515082342,4.993170772482766
-1.1289638112406042,-1.8512964273474402,-2.4708298700403324,2.2709876540020444,-3.7061690081253387,-1.1030482658254726
-3.8670540511772797,0.6975613797685387,3.5530445951056953,-4.386819156727981,0.06055696152860879,2.7245470210518867
-4.132038956520943,1.3871048541609374,1.0858806435651418,-4.837594862149046,1.6569198481259004,2.5650505391965526
-1.9795380292444487,-1.6066320638463294,-1.1242300171269344,2.3329403836829794,-2.987192468470508,0.6780833604112062
-2.0142990887106222,-1.6997872735803798,3.7821652035806403,-1.4623183355574803,2.0164849575394435,4.544221411741663
-0.36921287879955944,0.3075486879462046,4.451281505236968,-0.22915954374889225,-0.037489067528562625,5.522631686654742
-2.5672893877834593,-1.2007665226637592,-0.6960287540711219,0.7796919017082709,-0.9408395549349424,-0.8361960922925493
-0.8861789635357011,0.2847120431730965,5.377851368846567,-1.9907826049935546,-1.7433606116111011,2.074127132286058
-3.6948655147994183,-1.5259144195030832,1.4108360088628644,-0.6866105287488757,-1.3490445660854338,4.040010111460951
-1.299603316942079,2.476781508148118,-2.803326690464918,1.7146860466328935,-0.8070680425505589,1.7486514315847783
-0.34342081408757075,-2.0772309711525287,3.6815569300571362,-3.3081788923641753,0.9677312624011147,2.720728255346807
-1.252966905826542,-0.8020488967010153,2.4358314842512523,-4.154889187738455,0.7964074510882275,4.287108679544207
-1.425581280816074,-0.4045556401416528,-2.627726830823711,2.044758963898879,-3.1551355961549805,-1.3614897083501543
-3.958099773360866,0.05225296296138504,5.662221704263513,-4.088194368042573,-2.3584736205859107,4.794013932796962
-0.34329995823927995,1.9345678554250103,4.611595371505676,-4.07986434959146,2.0694501711963404,4.487401995758426
-1.1164201065777746,2.111252071742901,-3.504107304924728,-0.6964328540589442,-0.002155914721552188,1.0526426297178935
-2.397968713339824,0.8731149040516657,1.4002874221863832,-2.3628788112728656,-0.08970980950290741,5.21433679814819
-4.205985938153115,1.9459718248023963,0.5836562478799847,-4.841460188471371,0.9175312733698417,0.7643275568568105
-0.8251552001022566,0.4607390264894269,-0.4036508419231638,-1.9375399206250261,-1.112577357239823,0.8183129330541892
-0.5621621214763755,-1.0749431319202891,2.2953290196700413,-3.508733835928614,-0.7941632147488171,5.291621131759205
-2.0757653204286846,1.218318312622718,3.2659027971266186,-2.6059135471426993,1.889449906029216,3.0023471931720587
-4.695936808956408,0.6666906730233495,-1.3559470865556744,2.0170740132461704,-1.5188406848528135,-0.05473853566094933
-3.278925992619439,2.0356294275239772,3.9017947837894402,-4.369005020272482,0.43018536684204545,0.8532197713543228
-2.8511638200009464,-1.3040438752506152,3.329276426779611,-4.1634078948429405,1.2514197668545846,6.126504604560022
-3.1313604999113527,-2.1511502139087915,-3.634749049035804,1.7919879013817068,-2.766302180059656,-0.17808059018854516
-1.3606701154529004,1.4249415743859117,2.345073236059619,-0.09525575991764335,-0.9223231426237821,0.32355353227672207
-3.54466853192027,1.844969578459816,5.320815265233735,-2.4550904295914093,0.7190857111086086,3.2767294320036817
-4.4020096125436545,0.9109076438643173,-4.514248741522383,-2.3592354414547643,-4.778104930764523,1.428875152667561
-4.684147927939119,-0.30214431550407905,2.8006480215084166,-4.228849624787503,-1.5074077248268298,0.06309035563662634
-0.359859572903356,-2.2433327682450472,2.6110719971912135,-0.9961012065333321,0.03345711637431581,5.306285399331876
-4.365122535231308,1.4836211005540982,-2.2788029178331386,1.074712370511444,-4.2370618950833965,-1.880099657793668
-2.4032923832834783,0.6270093826288643,2.1470568571420054,-0.5266978185760705,2.249736515144453,4.549946961475656
-2.123247385189186,0.6341326710036448,5.996868291091983,-4.4642043699306715,0.28263376443283583,3.469263439010145
-4.949906163810628,1.9055760958724228,-2.64724041413327,2.2076437178312984,-1.8266983352185717,0.4131892638550867
-1.915755225261449,0.2348094455576275,3.774504815406959,-1.484574383768829,2.1193329563267618,4.424876753947659
-4.97416843771899,1.1408011746008246,2.5222556995058736,-1.118713803231663,1.501654173515261,6.084751336759936
-3.806219936617252,1.6851215661663925,-2.672044953804203,-0.8322441870001196,-0.4536318124713862,1.3486849273294395
-2.154607390244749,1.0295404698026793,3.7590356699096192,-0.40397129449904146,-1.9200376728187407,3.8782576275303575
-1.035778750125675,-0.21129036971895676,0.12089734544680593,-1.0123988355060929,-1.536705896244655,6.111271408180876
-2.131672623421361,1.632378017747353,-1.9140973494930762,-0.3693192786375805,-3.8107409983896403,0.8674556519876249
-3.6464574803182552,-0.21944562220612296,3.364807124223507,-0.5466551938180695,2.1642720913454285,1.8340219106927993
-1.391743338736084,-1.2004468670427748,5.078784564803002,-0.08465982512538872,2.0366665478511035,6.194379624587777
-4.656917375866111,0.505361505019513,-1.064260440250739,0.2677504410508069,-4.230710202662732,-1.7491152387755948
-2.4854387672583127,-1.1525576364690964,0.7465573045415723,-4.048599934597843,0.20576051593132538,5.3593119698399025
-4.099223137544346,2.030311732927517,2.1087884072906866,-1.2905081551797237,1.2959129596664671,3.26737522112019
-2.6195569176692644,1.1169839136878021,-3.1435971761709243,-0.7129090251327681,-4.5732044597516905,-2.3178436625892926
-4.531754280317871,-1.2604964356452135,6.092643087765858,-2.6287918508603902,-1.8075576396785658,3.1631684518820338
-2.5256280668239555,-1.3136353707319604,1.0543280724325457,-0.3064235520147598,-0.25898538985074815,4.71377644645957
-2.2586820151244313,-2.193772494738047,-1.29854555728194,-0.3253843433650827,-1.242934544705177,-0.6498140578911371
-1.9312371311097594,-2.30256223649395,0.6387617806262444,-4.354226808516414,-0.48350028990375193,4.974644282538818
-4.213912055635202,0.39204050541197244,3.6662444787328963,-4.771364566743037,-0.06819639915174935,4.996567133300931
-3.3441882552775204,1.691415123323016,-3.4937620858782075,-1.1764600647060763,-2.769372635805008,-1.9384962913921484
-1.933107627502574,0.29877466179944756,5.398513832736717,-3.696274104620611,-0.10014756442861827,5.209265150766268
-3.535031645817412,1.9470306742156938,5.393097889407393,-2.0109966631234477,-1.233846668684151,0.76960659139601
-1.5242840565975124,1.5923126761092794,-0.6498948403214921,1.4756378553786087,-3.096975649257911,-2.0429164601471683
-3.724027585575691,1.92978154074701,1.2524844443962486,-1.5441205440201058,-0.7067167023926302,4.0282250692626995
-1.5390130455738351,1.4968662353100672,1.713373564855919,-0.018895219037720956,0.8727516616677584,3.134820869437649
-0.631837848663751,0.977811356648739,-4.5188636005623035,0.801296402774208,-0.5398863348956101,-1.5918872107199382
-4.388101267405858,-0.7662022602312468,4.724421700032275,-3.2307682944060705,1.5491613257836958,4.907938127384901
-0.6125720776040824,0.9937814460950123,0.5229566870060975,-3.530170433408894,-0.8657953020949631,5.716285766419098
-1.4101197926531428,-1.6027164174533959,-4.393703236953663,0.16162295932016457,-4.234852130519008,1.3353631727671122
-2.2885137638883997,-2.2072462939413167,4.2706767322341825,-0.9073815139066266,1.1379110835121797,2.3564778409147977
-4.629838554624716,1.0107337548501105,2.835553926708315,-1.797575031240073,-1.4803547063391846,2.5583519578000016
-4.313452403965898,2.101866450617746,-2.598392781672623,0.18500772508950059,-3.940768078138017,0.7069260382458915
-1.9147879767010827,0.5281433582451269,1.7425467622535151,-0.18503746516800934,-2.363714581018871,5.870004772151089
-0.0034190454623193034,-0.3527157722466754,5.458002732355169,-4.672753084845452,-1.9806227341020493,4.943878618398176
-4.052715245611271,0.03684705121176135,-3.335359322583284,-0.9409298351044555,-2.7261160936900932,1.5902346736176751
-2.4684871306726306,-0.11694549897593154,5.649373612985404,-4.4159388927478,1.293490809753231,4.7564267739044555
-4.34369714698501,1.5010382464141685,5.590565259697345,-3.7591120316551137,-0.0013399907323181637,0.17783453943622
-3.82223863979416,-1.4150206046498686,-0.5625878680386182,1.2108236963372994,-3.2105381483357025,2.127055215096253
-3.9622866022950443,1.3898541040293866,4.677482431856067,-1.4661522194941168,-0.0932746082118574,3.6014782457938366
-1.2589365203861291,1.2895368738861999,5.290471979997852,-2.817289529338312,-0.4803653654859441,0.6800794113827763
-3.461362105083104,1.4517921200280353,-4.2892394308824775,0.9612452379607097,-0.11311925240587273,0.5667190602210055
-4.977970281752765,-0.6771129233571871,4.713930802902483,-1.858959325424332,1.4122550569517105,0.3104673625371245
-2.0047330156301273,0.8846581125153401,3.6401381354051683,-0.9105663818292147,-0.3859141575550433,1.4111194605519162
-3.86402726660728,2.3243729075335846,-1.666414543908764,1.9892177471954442,-0.9506198038097718,0.06945631572074262
-1.7005098590745904,-0.7736394888114673,3.700289155239298,-2.8100050717417795,1.8559377396160128,1.4989619387468334
-3.6690632565908903,0.0046326513927748,5.952186504728968,-3.928058116585512,0.43103782076885633,2.3583802690237947
-0.9042673494049652,-0.36409978380684915,-1.1030426587090036,-1.4788826587941795,-2.9801542204462894,0.7815207108178241
-3.921205638860445,0.6412149406887409,3.1854750135701204,-2.035940875015535,-0.6854562622281923,1.0394828790564468
-4.61402776886324,-0.871918797157728,1.0995529898429468,-0.5854903015244881,0.19227132411322145,1.2416975110430906
-0.5374561810408152,-0.807209050770525,-2.8767301719309923,-0.697247236549644,-2.3407967648535117,2.256582522501324
-4.506038405893643,1.6354796813147736,4.8916373255738845,-0.1636389097130655,-0.7588101581934159,6.161903523721398
-0.35866549585522556,2.1086250209001953,4.012120019331749,-2.747751888094561,1.38323455019305,2.0353293482002806
-2.644055465383803,0.26490224895319425,-3.4238095776371376,2.2487277596131383,-1.9442946604430345,0.77131010276275
-1.4392040104648265,-2.467075500586853,0.09052934436413278,-0.2789948743085464,0.6303565779896241,0.911612618831829
-3.536650343128125,-0.7055539909224189,1.6355736076071101,-4.639068458267578,0.6201592478572482,0.6225981598967495
-3.4215969757071987,0.4163855012096711,-1.6809311404966665,-1.7374464317934675,-3.486279668272086,1.3722611919923815
-3.5346493190576513,-2.4195753726497116,5.345233965852148,-1.6413039645104197,-0.7632543101873641,1.3481514001013404
-4.254078924331537,-1.5552864838019975,0.29680700410923444,-4.759912882075728,-1.3668728832752286,4.872151117454653
-0.35853555764966905,-2.1987903927627004,-1.7758608050406455,2.293578323191764,-3.873873575333715,2.2369764690087965
-0.3692485595325232,0.4017358908913322,5.588362018072992,-0.39036923158503267,0.2356761441475297,3.7600581179538892
-0.9774539795553441,-0.09768599123840938,1.8502954237358622,-3.7654560159631076,0.370842468449482,1.5756715444572447
-4.697032466516705,1.0043547468633869,-3.111491339854692,1.4831671874655479,-4.247737283976933,-1.0464766149425997
-0.7221078132028484,-0.38623143024407813,6.22397403990515,-3.514877796059233,1.755168636604159,3.8294941095264976
-4.078669331413102,2.0807863974021554,5.268293403968391,-1.1851504234854442,1.3385803169155381,4.203289490454975
-1.2841500238638743,1.9852783202409334,-3.107265719883218,-1.9073674246288852,-1.196570662787218,2.0888939161269544
-4.374571975848357,-1.0396173915041769,0.2595020445706389,-1.2225167090159994,-1.9640033640801207,3.287734071313439
-1.3765247359789923,-1.783017467110664,0.7752758148840801,-4.885226753061941,2.1100563230937075,4.677658179071728
-0.6797290629367814,-0.9535456058250387,-3.2257796852576597,0.8720193937600977,-0.20063134966200769,0.12710088009670217
-0.7326884560857385,-1.7223268999912493,1.9076116745042315,-4.78307379463891,0.44558438407274004,3.581909975406575
-1.6202459009095307,2.087429054744801,5.528294182320098,-3.7534881433244918,0.5069279886755917,0.5145821017386215
-2.680760916598378,2.1032742954781183,-0.742630069172312,0.5908806628052194,-0.6877090019213283,-1.3572252570461503
-4.975239248286008,1.2385686602893213,5.309017091906792,-4.139829675239388,0.2794827778716029,3.984062062684202
-3.4137553002651817,1.1920777528545563,5.929012267679961,-0.03568663524703908,-1.6542301644932444,0.2682311493565734
-4.287773518772688,-0.22879579829022045,-3.8197644438083738,-1.3332901662304057,-2.4031157708685806,2.4123559984655394
-0.9990736026538238,0.5180427002852817,0.8830833701019231,-2.9247971743792194,0.4890165286111432,6.269979363009317
-2.991727271974666,1.1903640981404062,4.927215446471724,-2.3426020909973495,0.95760575828437,4.5366254339236045
-4.713205511116444,2.4413615450176076,-4.933040905020812,-0.3321306627633587,-1.3534080225696,0.6369600536568543
-1.893670291266027,1.518943402339242,1.1913684007853969,-2.3245108330908866,-0.7332747010743734,6.125613259811479
-2.4082705909419544,1.379465782560362,6.055626452284554,-0.3897267123172483,-1.6396751669953162,2.730522516595921
-3.7230794760163333,-1.1619668707783093,-0.7240874421927385,2.433491681066023,-4.835480037271091,1.9119577938257972
-0.7585527761028992,-1.035444255107234,4.383521845112066,-4.724684123405678,2.4623308080341486,2.153177069137218
-1.229814381734211,0.10297668455751907,1.0167855558774537,-3.890049263407125,1.5084858257001175,1.3490500776876095
-3.627996009898954,2.338643145677497,-4.431175698280313,-1.2152822198635809,-3.0535768118832913,0.5642101384697797
-1.9248123521380722,0.25011082324740697,5.8937142480779565,-0.38339082650009715,-0.5856459024416587,1.4918265501103414
-4.069245403591552,1.6264959022941685,3.8652153873809647,-1.4662732261530689,-0.14974504641295905,2.5773103521759566
-4.869839372510774,0.961367541095461,-2.6471733362629744,-1.24475532274356,-3.088706409727458,-2.3802570481812344
-3.9565608043772786,2.4279934261053535,3.2258434546182957,-0.11283636570090216,0.23502057408918242,5.411943439192891
-1.3775685720695097,-0.8957912976935072,5.8110334505316885,-1.7211972043960615,-0.9400653462447632,2.0473974103269414
-0.9298253192141864,2.0992408989338536,-4.282878250011547,1.1884380313072045,-3.40823188609201,-1.6533933663413392
-4.30440334925979,0.9076706955360136,0.6116360802762034,-0.9491081676950248,-2.468479470973912,2.041458432638264
-1.9342615824403158,-0.8881053045284388,5.063952400339243,-2.718049262922095,0.31309921114977524,5.22350613895852
-4.770927034191919,-2.079138549099864,-4.479152017161511,-1.99615620614455,-0.7108499379715066,-1.9858786667716488
-1.708112591267294,0.10572808650812737,5.851178619102594,-3.6110335629652246,0.16936213515123244,0.31012148062533207
-0.4094719865120213,-1.400090960897054,1.4744040727817187,-1.134410498326253,0.06129076087579888,5.745062303454457
-3.9361774903648667,-2.4910613704295037,-2.738536024066663,-1.5877044717822786,-0.16217580391193476,-0.07138982519721049
-4.604504714662907,0.7535030546823758,0.19606041702323243,-0.20330215216812952,1.660055690217682,4.709694789530636
-0.4940948894696051,-0.7259204093353544,4.874577575404202,-3.0701392092050304,-2.1176291900291555,4.97132712789948
-2.6270107012642816,-1.0922033999691245,-0.3336063675315354,0.2605827070326585,-4.406105228830345,-1.0598662848275764
-0.47039323039843595,-2.0007303984633564,4.017370260120918,-4.204097339594935,-1.7810683369449776,5.024921389106383
-2.616984536005556,1.8612086638631418,6.137045403935973,-3.4660931017937733,-2.2658420170559195,4.459319889814187
-1.5170389110619953,2.296011445145517,-3.7261716654914148,-1.7933370022207917,-0.16611163604826784,1.176629727806875
-2.74397877803956,-0.11870083309640922,2.3248287766166085,-1.4435556556503477,0.5347705836492671,6.214231009122927
-3.219211545429557,-0.06282344668849671,2.7941845832181267,-4.475591521665826,1.4986627185151518,5.632004681791389
-3.0296446389286524,0.35603986411462163,-1.7918547968943144,-1.1623784976094536,-1.2729543707077813,-2.3356396452619603
-1.220456192174097,2.4093020134204437,1.684407021348652,-3.025774569375973,-0.359407881582094,3.582887399761298
-2.6313851050897394,2.0327144868582483,5.591699411446274,-4.396179370317278,-1.7252925572822375,0.029950396317547798
-3.316479172760503,1.6015478567781818,-0.31081290728058375,1.7482465522871573,-1.0288973823177523,2.052891409807735
-1.3767115643008876,-0.3618626834397185,4.814775670759927,-4.896583386516321,1.7614971114001978,5.438103412543197
-3.8587225289259712,1.7374627505992217,1.5906362740897055,-2.5264147739143175,-2.1698323921988445,0.4812835730709454
-1.1902159373314043,1.069749291291466,-4.867716149043747,0.5920042083125954,-4.236150544403272,0.39097599493274515
-1.432859986434163,1.7956265475476254,5.499174049587727,-3.3491341859137744,1.1379919088930315,0.48307849967533084
-0.6064362791873199,0.04928537374117692,0.1995561395640638,-4.855337958413831,1.041941693813821,4.825631437524345
-0.38473941038136783,0.843212158083706,-4.751833153016455,-0.7642449164357008,-3.346370647246255,-0.9173704957350353
-2.415725116020832,-1.6805569312424877,0.5860708530721006,-4.763885797604853,2.243433008869305,4.762748571013988
-1.6837672120814142,-0.9154289118096788,5.010979996173216,-0.1820127307295376,-2.194829220438395,5.113534799769972
-3.9526785921573078,1.2206350762349234,-2.018718345516511,-0.14094246126006382,-2.0652668631757685,-0.7670197020571852
-1.6163011007165333,2.389306296547737,0.22502405014203428,-0.9625191850499961,-1.3034718904544866,1.3580684554737752
-1.5338310705032083,2.154112666515963,0.11148854719500133,-1.643509173359166,-0.4359488387596473,0.03223962679682859
-0.6500266057821796,1.6020408774133967,-1.6529174225373393,1.0815203217511526,-4.991992851878785,-1.6757671780444539
-4.26481539789556,0.492345623616786,1.7129176358726246,-0.7638805232144712,0.05107686647987997,0.4607332050161037
-2.022816684823236,-2.090802360258648,5.23868548451192,-1.7562259323671991,-1.6834631508613807,3.1275564035595544
-3.272980848765909,-0.0556704148329743,-0.816086337942456,1.5608697517434225,-2.3956305899700276,-2.0150451241008778
-3.1514878190515456,2.2172540557422344,5.357741943396839,-4.719946678392838,1.6580037080796988,1.2921884330926694
-4.5346119000496,-1.6631317667268997,0.39379164441203035,-3.1361380381010844,-2.0234635077038114,3.276588201675691
-0.6019396160915952,1.85055791778208,-3.6130935357220935,2.216640016481449,-2.321247361351711,1.1351301254791348
-4.198628780874715,2.123325507394995,0.4870737406361835,-4.939801348313099,2.0959561139146636,5.11716891631154
-1.4090759615358692,-1.4806570347582966,5.138141510194096,-1.119746633257774,1.8184472057201049,0.667028672676476
-1.1843918806474223,0.3740808195416667,-0.48641502944978043,-1.97285841632937,-2.192682849314596,-1.4102343663029644
-3.31534671096776,-0.28423199760792617,0.6532169331900297,-4.340198909089089,-0.6415056729462405,1.0264355509163021
-0.12597621005725834,-0.5167022667168897,0.2546088248348427,-4.447253641931779,1.0515630331439754,5.265207088077237
-1.291547510710605,2.298832897341746,-4.199529946564543,-1.285934764705115,-2.3639720020160677,-0.5518054358588387
-0.02596167947249839,1.4417055951266629,5.396237115791004,-0.42202916400863977,-1.8127395722038775,0.8503373514062805
-1.5928440279145235,1.3738172084378015,2.1861749550081817,-0.6347092403760559,0.919067780810094,0.8093917970098269
-4.557480497958958,1.872211486049939,-1.1805287839262708,-2.486056705835735,-2.037562478185654,-2.0071757385521725
-1.1770372933014221,-1.7355507111774755,0.8889384409517038,-1.0414550988137212,-1.2060617650084648,6.160773281005481
-1.7464686871466273,2.1168313137585697,5.731588780819314,-4.023907053207834,1.1071062230410127,6.1191636853968845
-4.250532750731021,-0.2774313798750905,-4.947391852278328,-0.04594177032470936,-0.9071316373994787,1.3733957453791747
-2.6064778590701354,-1.242611158506493,3.3544963712391653,-0.15541924577744037,-1.871379878759249,1.932116625514057
-2.664503545815914,-1.3787474136906153,4.393355387160699,-0.9204296717721752,1.328106134383452,5.156016829123928
-1.1750179057011878,-2.363315753907828,-1.8485996694086837,2.3937452764994713,-3.206061063068531,1.8208058640830753
-0.31651086183640587,-0.7160628820836794,1.3399220620983847,-3.3364455088088034,1.166801590743546,4.308991521442465
-1.8559680380460297,-0.05108484872964736,0.5561647114728969,-1.3708510615864062,-0.718730248504692,5.4283345673793155
-2.0001580310595775,-1.904266949388046,-4.256514959869373,-0.3796226638188567,-2.0021771426724606,-1.3798713836021093
-0.46393769996610956,1.4685240266109885,4.267696594383651,-4.843810005335007,1.5137360839115575,2.9351131640561627
-3.4805702937420535,-1.6841814561330415,2.0864385468089943,-0.3908975108270294,-0.9173976062972933,2.9556817985711588
-1.7666892023368836,0.9802433291141566,-4.902794055857208,-0.8197390420733046,-1.265040276495049,-1.725473566914339
-0.3788026060690415,-0.03972905601488019,4.832745712734064,-1.1973998008328706,0.5766532477956146,3.621350815908649
-0.8789594569919181,-1.9947969217451522,4.9884948094005335,-3.38939010222765,-1.1030387373976036,0.687942522475305
-3.3040048162109574,-0.5547394127277356,-2.6159526069453687,-0.36737579858317115,-0.8080514624524426,1.852172883831753
-0.33614749914148767,-1.1819437550153944,6.085422951924308,-2.7308604601084765,-1.7220301012736838,1.682107222811711
-0.2854861032610936,0.4845609428164743,3.776182184259803,-3.3351735770897326,-1.2135939102496418,4.4727159922051944
-2.7419529302901946,1.2770256997807827,-3.1205730582158333,-2.342295355439592,-2.5534120195761245,0.9200844483225752
-2.0670880922145867,-0.3153933724680478,4.373240603791077,-3.071409428235856,-1.646947906843098,5.446102185408998
-3.220000505436738,0.4889642710429576,0.4281511481689619,-0.7143757992637969,2.2584689175940342,3.9375788700126297
-2.1949900109840144,0.4623108671619529,-2.027997502642085,-2.050450436943017,-0.9954384574729819,-1.844656349688173
-0.5866794999940232,-0.2881246135807185,0.6372155430130563,-2.977810740959377,-1.4117928566158344,0.1777365991473567
-4.412783155124649,0.047530562070518645,4.269251670987957,-1.267377553163533,1.7584351462960193,2.286838010438645
-3.0171860817830742,-0.1409300851530242,-0.6645686051622307,1.7320795331515129,-4.384145999629846,-2.2307710426466176
-4.164170592594594,-0.4656616436431973,5.817965867894858,-4.2663192379793795,-1.4534112073440886,1.5158043910945944
-4.267208050340666,-0.2499359871487532,2.142154011229992,-4.219002284635302,-1.3705446822214618,4.670758517895656
-4.171550258423576,1.8613794750308923,-3.71938124039146,-2.082169388167414,-4.477719335879123,2.1520573518383808
-4.178841218365272,-1.8770101691428946,4.4322712033797025,-2.5283290108594847,2.0080799797843287,5.322645285057558
-1.4638936211878417,-1.8918402925929216,4.4170665591230485,-0.07347786721432392,-0.4032271411765538,3.7555180022326846
-0.7356340688302171,-1.846633954035718,-2.0733300243433117,2.352711354047184,-4.1105300294286575,1.6281965895739745
-3.1418755501849347,-0.5697245060030898,1.2766099230683674,-4.707982800095328,-0.5915630786712294,3.5606012678351333
-2.6930837867404644,0.6971446741215699,0.9228484373487621,-2.1985857943740523,-2.392411889554274,1.1662066203538815
-3.8267517755787486,1.3330106100189747,-1.7187500424986302,1.7312760793565367,-1.5593305779880051,0.5836101703364664
-4.6532790018911685,0.5486324674040199,0.6009186949560729,-4.226052255186736,1.6210718184450972,5.571504070464284
-0.8748952119272264,1.5367754673292842,1.824019390913002,-4.251567654433251,-1.426011709355492,6.0247048467262
-2.373538793795488,-2.2889494031819773,-4.736928774611707,1.4332913902896305,-4.760574326422734,2.1040998064875645
-1.302817025633232,-0.8770950859501654,5.96411731214559,-3.5810815202852178,-0.49512615354201417,3.0479371938322304
-0.9710097950004286,0.9160274991182416,3.087466569996996,-0.09421937599461927,-2.265406907985942,2.7417163530215958
-1.6042328089998625,0.4893416058466711,-4.609246408361049,0.802953486776115,-3.3614499877150616,1.1422575208761754
-0.5787074232502789,-2.280888418160651,4.3116871388513065,-2.8875915079719583,2.3333243580337317,2.1514706959557253
-0.8285325026615578,1.0586291013065923,4.395626911022719,-1.5441397118123583,-1.6777622211395808,4.980722888372793
-3.7998029561040596,1.0035914457890187,-1.7818917524023985,1.985432293686416,-0.33412529275157865,2.3146456646676095
-0.36427004088947346,-1.900087883037438,2.8794985837595752,-4.41212256835887,0.7350756565428922,4.662521057794144
-0.543255336658274,2.1075289450549572,4.531646452434098,-1.6282588104521145,0.07788084765946435,5.920501622000295
-3.7515675766983083,-1.9699387981980176,-2.4232924018699284,1.573471620212893,-2.728474442440034,1.2036039883460337
-1.3265475572759726,1.345993654444107,0.8917605745652467,-4.8701608828185385,0.22582357015650167,5.687047299609031
-0.9495829796061841,1.5592963655932337,3.434936862781975,-0.623876348665438,-0.39033686229856634,2.1753139351111046
-4.5459816086747065,-0.9613336793834386,-2.253003111355005,0.13242060796387634,-1.406510907859528,-2.4402998754959255
-4.828687572603554,1.5098437688158102,2.6905758149440926,-2.297212554979253,1.0842022271855019,5.2281093836473564
-1.8568513379323948,2.358792837812815,4.386628524382553,-3.791443794913036,1.1223225156319532,1.4296673456692783
-1.3907713912051045,1.211217873228716,-0.8602552198954372,-0.04674403844691577,-1.861249219887648,0.8101304364530675
-4.8845396634129115,-0.41600184895261627,5.374844687629648,-3.4080016015850525,0.4899465090756152,0.5198346609053698
-2.8758302868079806,-2.465987086891083,3.7655268331445724,-4.388959940288423,-1.2623568171640709,0.6040638843882863
-0.2386387188931438,-0.5555455011931443,-4.4532538607982,-0.5075026182759512,-0.8015505578030996,1.141023103733386
-4.790175706403204,-2.2772661999378645,0.20054693497480355,-1.612691299277392,0.11395366687329123,6.072377932064137
-1.2526142996547018,1.637187257713565,1.1875439552760365,-4.798387818219258,0.7405923614640035,3.1357250298587784
-4.536764159957874,0.020744946003417475,-4.151341428869595,0.4670189656788182,-2.7594245161423583,2.1337886015255068
-4.75467567426115,-1.3100497440602559,2.043410275684487,-1.2896592686022732,-0.9072132672944528,5.246382846127637
-1.1427004932291425,-2.0262930736183242,0.24968971031956422,-0.8072797440663617,2.4150519271561635,1.4957185408806177
-4.956088879433862,1.68772380920129,-2.6846658065305435,-1.3596740802244072,-4.956110522547307,1.9500641498444722
-1.730463657330299,2.1907385954492504,0.8116066817310493,-4.550499639061659,2.3259020715016003,1.2411591877509134
-0.3507974860061793,-2.2867566271615383,1.6884040038255608,-4.879400068771964,-1.3586418958845177,0.09376680532516544
-1.0788331506817506,1.2425384671443007,-4.18259772115004,2.471316916098073,-4.107817373803416,-0.3275069361302698
-2.181275955765019,1.7497056752506621,5.391424859254095,-3.7701001588016765,-0.051750516258811885,0.44151669942087907
-2.488957778332464,1.4320671370817042,0.9556032738125824,-2.1342063898665358,-1.8281234013169334,1.1062033854994464
-0.28093255723849075,-0.7153366659837856,-1.6641957180804778,1.6649348554231764,-1.8108729073361363,-0.5953513173754033
-1.7224218900288917,-0.10143092657887909,6.175207269957332,-0.30379460574973116,-0.7225137907613859,5.372882966786777
-1.023942138601714,0.061342583984260735,2.875585482370103,-2.5906932155254223,-0.6916950115239411,0.3709320455265191
-3.5209086879247753,-0.17219593619278495,-3.146533720470436,-0.19337367247314408,-0.9148839693173444,-2.145468775921284
-0.1340284952575841,1.8800172661591112,2.9323135137912746,-3.8303290184673404,-0.08163752146814973,2.352685510025834
-2.393887387475291,-0.5072306627158008,1.523288046517427,-4.840429712194102,1.6694694270272423,1.1187735000072496
-2.1487709693499,1.6391870202015308,-4.392509805631082,-1.0727949685847404,-2.09240432742863,-0.05332551403653607
-3.3650693210677582,-0.8189402127752288,1.2550465460778828,-1.7300459965988186,0.8066427750421594,6.12742514526966
-3.5552818196288722,-1.2452283971058846,0.0975124990544623,-2.239944558212513,0.23101670759582538,3.11020338937113
-4.816358065470623,0.42937994195572227,-3.8992040199383933,-2.2912236855000643,-4.326675172145735,2.0730725287772707
-1.366275657334695,2.418079688947584,0.06719346212139903,-4.691810867414227,0.46252671258878,2.9918898624425525
-3.6973479449753683,1.224266319254884,1.7698725190719873,-4.638361027172634,-0.025185971372414517,0.5286639988167944
-1.5910850111984542,-2.061383018822069,-1.8970147204213639,-0.34516430127075237,-3.622018448936898,-1.9135584355806352
-2.1441990049337827,0.4829295737632848,2.743586403170014,-2.550377012715637,-2.1816596295420085,5.6039727682124205
-1.538681632049761,2.382194584288696,4.023693732690295,-4.685491237639024,2.395836065574869,4.714676195306777
-2.1726986846432172,-1.4466649994817105,-0.9376114092690091,2.3221565525840218,-1.4247321989451893,-0.7210551377563645
-3.3183620682277377,1.7098849538921366,3.205628703173354,-4.100509428203548,-0.5583104785293886,3.484171759696769
-3.0565434974265386,0.29560830342690814,0.08592976801649505,-4.901725738593169,2.254431958788972,5.509217638231819
-1.0490770160084206,1.9181856824339292,-2.887802602279791,0.6129322727691338,-1.3437161451864177,0.8440714875901438
-3.712616028076523,-0.48818553436392476,2.9885863750269324,-0.8887326669112277,1.8967542845427872,4.6389595654127564
-1.9986083791145437,2.4506993604510434,2.1562270853149634,-3.9367102525033437,-1.1384006839945608,3.199773073100453
-3.3738901252086557,-0.014138522815874577,-2.4330475752764356,-0.2542405634724245,-0.9456084613048077,0.9394116009465101
-4.225201979638815,0.23947954546200556,3.4165114261274754,-3.0533465567190206,0.5029566760088362,4.172109605105259
-4.5382615229424585,1.3937841841459186,0.421253410323443,-3.3100523981405683,-1.7961595405815949,5.132430926989534
-2.000059961151452,1.6157514400059743,-3.593966269935401,0.0700055174686347,-1.0565062342726483,-1.1686081612529053
-0.6681013837440188,2.2479966744327866,6.207173196453377,-0.07765077425733047,-1.313377840625679,0.7904360294009167
-2.992445188347971,-2.0499530923778786,3.2409418303472157,-1.1925536319683583,-1.8252252462973295,3.835200483889114
-0.5561210419260648,-1.4859899128933385,-1.4684065123413048,-2.351303054606777,-4.553617391391896,2.0430945890335934
-0.584645318058211,2.38157534332616,3.6266481795984036,-4.746974431689099,2.0188345805592443,0.5812002295922508
-4.446803025892851,-0.6047565374779451,0.38004248404875113,-4.91684516025464,2.277209147350124,0.6288025434157007
-4.107277743043396,0.09379642257039933,-3.6574627680379552,-0.2141684083448392,-3.609611959056256,-0.9322042557938164
-0.56615291004508,0.6365110633421094,1.3048832849373757,-4.395688104519746,1.6155319497689256,2.1981783530261683
-3.1400398618115544,0.8109581667659373,4.359633755427059,-3.3168336980110102,1.0483624275584495,0.24786904401693233
-3.9357229893130654,1.1345054901012168,-0.14503924837443394,-0.08913942136942765,-0.07989954260432863,-2.05624264646078
-4.783838821235821,-2.3459378503310453,0.6079066443615588,-0.42581416843273967,1.2125406803764456,3.8049423657796386
-2.470192089425886,1.062425763540448,1.652661902262614,-2.4580367572778217,-0.7019860174496795,2.9282296106731693
-1.8938559131924715,1.7274396120868252,-4.606980621022505,-0.4648837914805388,-2.4724132285318867,2.0472511557111694
-2.2864661940419415,1.5453913880512253,4.2650739471347965,-4.519974749283062,1.7930288021551606,2.6745003997164276
-1.3014947756436963,0.23650748389217746,0.31087592159041777,-3.8552514060318037,1.7366924174554175,5.756320372822604
-1.3084341451948172,-1.31732386112337,-3.2405251685422085,-0.8075753938793824,-2.5342987899887106,-1.1208552491101602
-3.193910269158005,2.2006337201199706,5.236937680132481,-3.2265759438141535,-1.1940494053547805,0.5778529363057288
-3.423414028170726,-2.43568413584968,4.370013502862907,-3.0324239198716905,-2.0343548575621337,3.487623131227674
-1.3394900305246682,-2.2481329864424815,-3.9744321034512575,2.0670307391515372,-3.428910751918158,1.358533633757406
-3.262000914149386,1.834296857083844,1.2026934016166526,-3.4146962557717804,-2.3656905881546004,3.0052652309457644
-1.7730231127470804,-1.9078139220589279,5.991754540126252,-2.3190623885785664,-1.4548633389031451,4.2631521221984645
-0.5315188770578039,-0.029475399668279056,-2.643426689740917,-2.399407788606436,-2.073990856898025,-0.11259818303281
-2.8071924091277816,-0.9824273717019989,1.4589130428583479,-1.3874165462036894,-0.586769229810808,5.777880732553917
-3.9681688249933873,-0.4680152223469056,3.754680577408558,-2.0173574206626106,-0.24212688566228646,3.4906732142534165
-4.270682592407778,2.141911154917457,-3.7407120362698114,0.6442608853689014,-0.849736513313214,1.2429976288568643
-1.6787640873528624,-1.3442011972138164,3.0567633943168286,-3.7331442217574744,-1.8841465092699472,4.265707203718068
-0.6954648367646135,0.0038390804670536127,0.6269376805450864,-3.4853186705690895,-1.129900051836893,3.386485117169375
-0.48016711454601124,1.9102253925425687,-4.7229498109387995,0.2736007929586739,-1.1633972717606493,1.933953547156471
-0.8470484875793423,2.3810624151291195,1.185950511330826,-0.9796810424700677,-1.7283996449363959,0.28206573853396477
-1.4337275122073345,1.4137423193376772,5.067121711109474,-2.0259758192872845,2.083330940412952,1.9295113453076898
-2.6947266455076857,0.8720254630351718,-3.715507266653315,0.08145374272761963,-3.4496418942549747,-0.18299191835208717
-3.5362589458022002,0.20718353012591262,0.41127492731757326,-0.3799571214315298,0.1058193525360327,0.09466461345349683
-2.390367376909459,-0.35494568558425543,1.8963050742761616,-0.19208887325257784,-0.3927981585147271,1.1135788353500486
-3.40784669226191,-0.5102983129142358,-2.804388678052598,-2.3870288712931753,-2.3929731101049043,-1.9513444941712903
-2.1805124962460205,1.1718191806262683,3.5560658967405816,-3.1640152529406236,1.7231295264428423,3.593188813256002
-4.587988242194188,-2.2175954796186237,0.4819958812127347,-3.2703042323195692,0.9347543362188326,0.2530119179825764
-3.7384209121105823,-1.0598851010266723,-4.985454052998596,0.8913024238932592,-0.5564474752889298,-0.28856496706602686
-3.487206444547314,-2.24932312133305,3.1952317434900475,-3.844693021293795,-0.6723745185737473,1.7089713376004292
-2.7635534677607017,-1.918165029345874,6.182462163844825,-1.6369644320729648,1.622022579324625,5.082412025155201
-3.17308571694408,1.8588188195874702,-3.796196651742881,1.0310503595254668,-0.5318566759319626,-0.05648745622003348
-3.290071668180006,-2.4749809717062234,3.2879534108748762,-3.659052831998647,-0.9613203656370883,5.260067521810219
-3.278646752992833,0.4134301281090762,2.492830778407037,-0.23890648930788227,2.201678528056541,5.592693799542799
-4.467879485485287,2.371128384008009,-4.590763918225055,2.437304719926911,-4.80011740524665,1.3617721886080454
-1.6482571811152673,1.4056672778391266,0.2782432546070315,-1.6013740118546465,-2.247808003059016,2.7143748102324077
-4.548398075039369,1.4018505212146728,3.279980179207247,-1.6987545635469496,-0.5904272452088499,2.6239537421803076
-1.5724119356163784,-1.8050480483309967,-3.252950340163764,2.3603298782810302,-2.1522602716959307,-0.44444647910596613
-1.1697608041005063,0.047269464844105435,3.5168771345315357,-4.279329357640159,-1.345777439091302,4.8600512386337416
-3.7201076173226317,-0.4931857892666107,2.8593834407850807,-0.3682734019442142,1.3670638763965588,4.427749120696597
-0.5443009572491275,0.3018413001359157,-4.945867973404746,-2.4154126181655746,-4.685175856936015,-2.1952680427289053
-3.9188965908193616,-0.8556900105883292,1.6005974837645407,-1.671967001388186,0.5958283163919016,2.967627860214174
-4.834253910967019,-0.5039739043082352,4.937469898463441,-3.5880653760005683,-1.6125329190018705,5.202065513794482
-4.946911018917946,0.40511114482123745,-0.3779188356672225,-1.555272732789561,-0.24505081749012947,1.4758680758058635
-2.5865460014826653,1.0789573471041174,0.9851133584747326,-1.79962269895268,2.097738352797087,4.60517118269442
-3.0025544640830697,2.042318783843463,0.39999688865767696,-0.9989885268132674,-0.2789870709679967,1.2834489916018086
-2.1703772560127343,-1.6772300264377082,-3.077358642789989,-0.5754573770610909,-3.556206619308209,2.019995529348714
-2.775689001740006,2.251510550327146,2.261570251448265,-0.6389893629370649,-2.2005719518527567,0.3522314461422094
-1.5199943500611086,-0.13685501416738255,3.695684798280361,-4.996490584329568,1.880906484790171,5.49670663182785
-2.305214363187598,-1.4454306239685522,-3.6466434708294306,0.6249583873584195,-3.9144232783089827,0.3396320614308248
-1.36523390869931,2.010510614951296,4.594237471629655,-1.404458796497019,1.8868803827056126,2.3741321500087853
-2.762338092646825,-0.4712213214971541,4.748390056078395,-4.212505299449383,1.1806303195035062,2.1693900916963664
-2.4913933384699103,-0.8904774472352965,-4.797573826197949,-1.1438558699564911,-0.9967418408932793,-1.6240574923004747
-3.612994655131738,0.1784032114181917,2.258128883625099,-2.6282815646551434,-0.5680739209700725,1.5880754775550205
-3.4141722051220995,-0.524080937022835,1.4376708762553898,-3.5827073292944633,0.18482080384949962,1.3219587002138347
-0.45524317451941354,1.621452238333391,-1.1222835816470356,1.1112328701306629,-3.379685205560465,1.4220938837006187
-4.764525796319511,-0.2868196165065271,1.6361891880958994,-1.2822273169983163,-0.9125460172491766,4.5388520625922135
-2.5559486127739888,0.38379867558341596,1.8102527673458693,-3.1339323593214914,0.8809884698851085,1.6851546633098022
-2.7592624980543206,-2.1588262882144367,-3.0158771697263695,1.2820082048289971,-4.353005169655787,-1.234729094335338
-1.9428609899005753,-0.8021595323772901,5.948796644615233,-2.722086927823838,1.2277907864242077,2.0635320935053816
-3.9454301203464843,-1.214210301155378,6.082464566276485,-2.0003305876285626,-2.399001796746637,2.704975031607391
-4.40503989753722,1.3670666621616538,-4.370185901453259,-1.9564153635402075,-2.095309520432605,1.4424564833367297
-3.400452067649056,-0.4187788546992084,1.2185481580246396,-1.3779936576462508,0.06011144879284913,0.8490676970597683
-4.986507769155711,2.23989009663703,5.67151853864425,-0.121815741594685,0.31154579330829346,3.933076734668503
-4.314682669759925,-1.3785295883403377,-3.200003765436114,0.501818388003322,-1.7654459232810404,2.4762854203578337
-2.450603256087417,-1.719653876782985,1.3905983557628478,-2.5522300492461865,1.0454797789524601,2.6190779072668784
-2.996477743935066,-1.6336358330160217,5.794403176918075,-0.7225685928671979,0.6166623743619732,5.93331149692469
-1.6961913845420196,0.6828552733477049,-0.2251844336642378,1.8335109467845392,-4.644646261977733,2.2412267078821717
-1.6230100296652283,-1.9003953284687225,0.6051900541796074,-0.8267022336532683,-1.6714727530449092,2.238017726456482
-0.7395653371752955,-1.8158531638930349,3.0220711778378058,-0.7332497318689892,-1.0777946827735079,5.703966327801367
-1.4723670723363118,1.398986738625835,-3.7977774119840166,2.4942005574100587,-2.8173323434792152,1.2097838182471952
-3.515267541847431,1.7816401815176883,5.338415208962481,-3.284031002897718,-0.5174058966374901,3.21702232236774
-3.7668009733731864,1.8854254456762929,0.4451039568821984,-2.7032356326778872,-1.2128841489011055,4.960687424856002
-2.5561184024765553,0.8422841017068379,-0.46243498368589875,2.3802088502942826,-3.2112778290373463,-1.560601123678604
-3.0371784123515173,-0.029338291708150166,3.9214477211335694,-0.9939068955562682,-0.6481054780280138,1.0700018884992744
-4.762506470044572,1.4487871119659674,0.4495732292617734,-3.7226769903165584,1.7798064563115048,0.6280583632572355
-2.41935786106965,-0.6765405443870842,-2.256464329560639,1.0490819448058462,-1.0710260350699579,-0.047420940060800554
-1.5540486456322156,-2.271904201028405,1.6997416808174615,-4.841000572698286,-1.3868320225682895,1.3431544563690063
-3.266510895378303,-1.6247964362280616,5.960683700265741,-4.068275980435095,0.5337205604946926,0.46866306528774376
-3.9487040447899076,-2.0439118596966632,-1.0762905538417038,-0.31126411472456805,-0.09384128278482229,1.2443632939115004
-2.1614372075876824,2.2339684788928293,6.064017566843303,-2.3332675563492042,1.690227059099917,6.182470668673951
-4.320500798170393,0.8335712632573382,2.284351580057657,-3.222590831663601,2.3367874102088617,1.848995835950745
-1.636975559227754,1.725806758411009,-4.56486868450294,1.5071135448602284,-3.4437035923517767,1.4987749901156762
-1.6331212781734292,1.9050842802233037,0.3175300171163661,-0.2620308877444488,2.124976570306857,5.788940594461793
-1.962853030756552,2.0620898041088482,2.877771739526318,-4.963962620334211,-0.8118305797504881,5.954320035152467
-4.81524369592649,-1.9005384669984453,-3.2513971016687244,2.4697059905416783,-3.957269915254061,2.3545113334039005
-1.6074200242770713,1.986052543441014,1.7724396665682831,-2.9883746522248766,2.214030815485456,5.131836590734799
-2.6637902904340907,-0.01568322080833795,4.12063029409486,-4.373744364908541,-1.1327422667007514,3.7694558619854956
-1.4656157637545801,1.3938748286198561,-1.45304621200809,0.9189300842235779,-1.5006032096429118,2.450536705530909
-1.1995526084692978,1.350102813532943,4.575805583958382,-1.2027975159793707,1.706712269873469,3.9743763654940296
-0.1456805575029314,2.2177615421280468,3.367646770332013,-1.0812348577598554,-1.4201315593194863,4.34537174090894
-3.4002764811589086,-2.4503879695357833,-2.09838623409502,-1.4830264585363868,-2.608623689162115,-1.382042469314115
-4.235845760761492,-2.136190748539551,3.098892221209307,-1.903125326597574,2.360760968611098,1.3118431996111777
-3.0175190918545605,-2.017173581639902,2.925030561176577,-4.218264452533543,-1.035586782824267,1.8119428721761395
-1.1821894671024795,2.1532276249785767,-3.14632843420143,-0.9417771967671529,-3.7783792314912334,1.4935205662782796
-3.6740403490412783,-1.1863028399268911,4.886369492697371,-4.050664054172133,-1.8994773980553008,1.0456868319047035
-1.1975764567838763,-1.3410331052452262,3.334211513576804,-0.08485003008147896,-1.986222170282358,3.329902148770459
-1.3144210410714374,0.6623081805231545,-0.38614136689372414,0.8514727761473795,-0.21098676616797818,1.6568416497883343
-3.568252324761723,0.5702048713565193,5.491667403784817,-1.2608048141139712,-0.6967784782283619,6.238803924521033
-0.47269671863051066,-1.3037169196625054,4.9336883654106,-0.45861851734401693,1.2549163618915236,3.69343577729766
-1.7889835601551667,2.247828455021561,-1.7314034478721818,-0.7897755912914843,-3.2011229786570716,0.5110163555100073
-0.32656791878799574,-2.1942857033007246,3.385906969845423,-1.2822302636406153,0.19751778804359965,5.1587857043101755
-3.5249437952197935,-2.018186050843224,5.102037142897092,-4.4550907758274505,-2.0886085296628503,4.130478104466688
-3.674918223449791,0.49181149642641087,-0.8304578205080565,-1.0763023398454896,-3.3657083569052046,1.9609500849759653
-3.8458182918469492,-2.4740245365909486,2.4295084205249378,-1.7742986347125687,1.5302789527814538,3.882898584208557
-0.366716445152953,0.46628605477799834,1.82738880526311,-4.727942248212758,0.7195167073793969,3.511953972100574
-3.2103687525766924,1.2711580565921161,-1.3594697110726943,-0.8152993012008953,-1.4557299623216018,1.9198066414707187
-3.5838712688882257,0.4349917307694695,5.276020589907157,-0.129886774222979,-1.3121487560711191,5.472259145592899
-4.773671504804355,-1.3709351716835494,5.478767413918594,-0.4821077901772428,-0.3444125216254945,3.3020128420928705
-2.4836479195532295,1.3801349630886897,-2.8804515103020694,1.6757669957109789,-0.11800741608161025,-1.8410807742928026
-1.9314553808227903,-0.9810476611434149,0.42512046041352436,-4.035159688743812,-1.6549420655746676,0.7982895558050096
-1.2099450362892696,0.6066920170655732,0.036595524826529585,-3.725868754593278,0.3790047013070996,1.5560466795302867
-1.354349203578873,0.9373027563214325,-0.5748913592190269,0.43431535875966665,-0.3194244530521373,1.0200931452527655
-4.372779789704564,-0.8430158628646311,4.0256416115828575,-1.8761569872692414,-1.7125219991908225,0.15400813814578865
-2.0549674037093224,-1.4562341859997863,0.24928748449987323,-3.404264233996532,-2.455273984461698,0.32328670563798495
-4.297858616815128,2.223475761946953,-4.715931756980881,-1.4807820674556433,-0.49866169858723997,1.2679333400037351
-2.513632530271722,1.6203240507123757,3.7623983015070914,-2.531801349126353,-1.1392429869962384,4.9961050782927
-3.485836202900772,1.1979456807949926,1.180716494593855,-0.28668648478290226,1.8433100793730013,4.626574527397803
-0.3804739308261629,0.3787447862254423,-0.6867064915594967,1.1471150838528068,-0.40380170989151587,0.8675888561267255
-2.5083971939647705,0.12492516388539787,5.180229697038431,-1.2779292204093435,0.4143149130421975,0.2787373011376018
-0.012902571240140048,2.2010027200049116,2.858655321411299,-1.3987235560257574,0.6188489714276075,2.953174318468834
-3.348813014400677,-0.8424849798282075,-1.724802584549086,2.300952652018541,-4.330670270065902,2.19283193752712
-3.4862654735843317,0.28915205670418587,2.6891822406763546,-3.023408162223706,1.777801326764247,2.9923575100333792
-1.6285159131879654,1.7059399734810183,4.035103463076689,-2.173882747992863,-2.363990147320956,1.5923109070961066
-4.951166407994226,-1.8593054151772153,-2.7540208389064507,0.8563579351150086,-0.48324433570530123,1.302693064798624
-1.2545411515237301,0.12587600709285418,4.697856517918106,-4.38461151865207,0.3445066927394338,3.083401478592961
-2.6921366847949866,-2.011597395987809,3.9299309483060663,-3.7172834032266238,1.0531421116241346,0.7634667867396182
-4.688510606325207,-2.208444907784191,-1.5498057645088381,-0.596463606025448,-1.7814548153482013,0.1567108890282376
-2.1986592771358024,0.5973950524370752,2.697332611746876,-1.156002960656357,2.212389275652564,6.280272498615592
-2.2719484978086957,-0.44150947025923637,1.12017809669376,-3.985678086942502,-1.7485570025792907,5.459148670054555
-1.3118526217970898,1.5323148745366106,-1.2135177603875187,-1.2337449619900276,-0.122213431943346,-2.4408609608982363
-0.44541009878610627,2.0636789141625096,4.225771760790419,-4.1203097654493686,0.8421539756691931,1.7533810110353527
-2.596964921296646,-1.3846553647328137,4.377299574625651,-4.573853376808737,1.1261811936768238,5.533854599642106
-4.675792011095286,1.5261585341632138,-0.7742309153270427,-2.4490391675932606,-0.43785410040993566,1.076347652918198
-0.2993534808698861,-1.167368055173002,1.2806099828556576,-0.8421775656444348,1.5953604010635631,4.852845448115423
-4.337549521007856,1.1153909307125764,5.98185256001644,-1.1869697275129028,-2.097827511246688,4.3521379415038535
-3.6610962061050034,2.3383823960430226,-4.040646636820057,-0.4025378897528209,-0.669391326186165,0.3362008031629484
-3.6512710993083513,-1.516019682728464,1.8888824249787124,-3.663695053375171,0.41622490617335295,3.052671645164291
-2.320184521138708,-0.05578047978310341,5.435444951034342,-4.300334588426946,0.8277043537733348,3.894293968331592
-3.024228872131471,-1.4959721141109528,-4.588078876740992,-0.3752054565867251,-0.6282116041527391,-0.8118211933828752
-2.8370656338654143,0.46154014590662085,5.9284613848781245,-0.12736268518570437,0.03417326800626341,6.101647894653194
-4.652507527622791,2.1098629249232195,5.782544286024402,-0.28432177647929,1.0210886901545475,5.296143731467412
-0.6210209631870445,-0.5481021594434794,-1.0489108119350687,0.48554789552635924,-3.474650437041541,1.0163530028936476
-2.7914310750327638,0.20864044612201926,1.2040571637128237,-3.2377787619702945,2.0933170254014275,0.8216392252290123
-2.623670918503573,1.5754449670200543,1.3048429517102214,-2.2755835493080467,2.123938800050487,0.26847718256539516
-4.227909490574936,-2.4050293725567053,-4.171413112864496,0.709243572306522,-1.6095825076343862,-1.3130315123733582
-0.9458821410386324,-2.0519968872437095,5.728514955610044,-3.0872671584362124,-1.238729399155722,0.8188467815836817
-4.26743145047541,-1.78503678495376,4.543513650395698,-1.9324172741821668,2.25213621932234,3.0045384312037724
-1.8338044257278618,-1.7584780631741719,-3.0462182626002097,-2.27809367721152,-0.28498604697525354,-2.3550374300309134
-1.21379793328925,-1.8446949284499485,1.0876603952376342,-0.27870842881179225,-1.6051605335172303,4.643233769147623
-3.1913455115743994,-1.1694541552520776,6.239553344367182,-0.03057728468373977,2.398743900645119,0.9808361847156852
-2.849083573620865,0.89097898847427,-4.433972481752623,-1.099714519259622,-0.6269595757395491,-1.874528710445884
-4.934721633563096,0.28415886170581306,4.2514116273699205,-4.8779760820943485,1.5191952652510023,4.582196340502501
-0.03817091184987209,-2.3446639551888198,6.155990689556493,-2.3071910284458887,0.39948486780147574,1.7341394586704317
-3.1363434884827073,1.8457626723150753,-3.7867907935745833,-1.5373302827771425,-4.159270758827381,-0.5888979264232534
-3.726271790863871,0.2339441408961873,5.478466831161293,-4.722065469310631,-0.2584384570994178,5.039840827630582
-0.6930116804126483,-2.018447448572716,3.9097068697665596,-4.27556117414641,-0.8411876148804331,5.882005241520984
-4.210904394375932,2.3984419152476937,-4.935788734595285,-2.188588657461638,-1.9422684328829032,-1.3809955979088624
-3.69489421369945,-1.618206258029803,5.442959765573285,-4.654207765638692,0.6715558306991447,0.8637408767451369
-4.6619674503486666,-1.1926084379736683,3.9864577396438103,-4.900447027352416,1.6674464954006236,2.615791314593299
-0.6470408698324009,-0.059482201903392706,-1.8941601127719538,0.9341884331209833,-3.4054486934368406,-0.1438228814636866
-1.712896482843032,1.6412747202063462,1.4699303194749622,-1.926645065970198,0.12249016912509836,0.18882150326382888
-3.820610078078241,-0.9223267043371615,4.126621778135717,-1.398767148592527,1.2652853985110863,1.8697384608514112
-3.6270922524717637,-1.3912946926869045,-4.463328565049433,-2.465913134219379,-3.9934105015691532,-2.1446149123541005
-3.5539652685373775,0.24594462148396046,2.887842799362456,-4.792718603395964,-1.238498219764856,1.1942675725528993
-0.6707880528960466,0.657672217371601,5.812776761585665,-2.7094737965818547,-0.12641550136779234,3.1192290323714986
-2.051764755881851,0.6850052757426353,-1.2201693930549657,1.360600985059004,-2.6398687601209443,0.2973283821289465
-0.5200691644500672,-1.9345144243991648,1.6811154393189829,-0.19050739993267474,0.8704491459799417,0.49989482647802685
-4.83724580059291,1.3863384974472517,3.6913891329458566,-0.6971283189517221,-1.6192329267641132,3.3988331233108116
-1.4781373954196404,-0.35793066144557706,-0.31704231290665963,1.8372637896686985,-1.6238287430171723,-0.8269694803203131
-4.014344796330144,-0.45339483621203147,4.226068672444322,-2.495870707593159,1.659083860091048,6.201785923464293
-1.939636698516603,-2.025345488927827,2.9917980542647267,-0.4603105394692193,-0.8137888603421346,0.8713369292620197
-2.8838269513460846,1.8538877320372196,-3.0050722329481694,0.03479910537152531,-0.6913659576272718,-1.121355940047557
-0.006016339569795193,-2.321789869673255,5.913054723038816,-2.527828317312457,2.1879865141602197,1.8880589853341523
-4.863024450901834,0.3635418617007291,3.124436653625083,-1.9066119491188354,-1.4009444225016188,5.290696456310217
-2.266670671902556,0.043749382460544606,-1.0661893285367918,-1.507502745708777,-0.15293387696745653,0.7033247218069931
-3.0713979771208466,1.9681664699684092,4.847562050324038,-4.084681745207143,-2.01323981955872,0.7375255781837726
-2.79164647850458,0.6881247990020123,5.657413805473485,-0.6219283921234817,2.293896900738205,0.6548626006791995
-2.594651806837765,-1.5876507376492381,-1.7728924525906153,2.408365128184066,-2.082679572544699,-0.9339211935147385
-4.173679700314564,-0.6573317823329794,3.180790205371994,-2.5363058332867947,-0.252946616987618,5.62125108735038
-2.295248167643927,-0.689521647682787,1.2262236894832597,-1.820318902080214,-0.4421378733958088,3.0160885540608726
-4.849311924582766,0.45077561509006214,-0.7460973975602919,1.103842983714192,-3.118892311824702,1.1865988226358826
-0.45460083982878885,-0.7871335024064874,5.638832819984581,-1.473578673633067,-0.22031769703366333,2.466851639318382
-1.3232142612389808,-2.4823316335882732,1.1998570628296188,-2.1471091598799767,-0.6776575930798328,4.17299444585886
-3.8550682595128647,0.2514539553350552,-0.12586899329988022,0.537658412507493,-3.288306533523728,0.9341368454642911
-0.14913026278846964,2.4990783640235312,5.721774253443848,-0.28719002524767223,-0.06003314666290782,1.935360875301749
-0.1529922120065219,-2.1945361528272707,3.0039194169583707,-3.928848651660333,2.341450005899402,5.355220294353684
-2.289711948218775,-1.411553654798678,-0.11510635335776065,-1.6217217988143573,-4.027981960952384,-2.2237315326191442
-4.621847835802042,-2.351409440811251,1.333696942102062,-2.247087681728188,-0.6662192892449399,0.7210264984513531
-2.9420141132397286,0.7157755555154854,0.1724284910054006,-3.36404162771222,0.5045424035796438,2.425876488736336
-3.2457661203250137,-2.3385132785777647,-4.243384749326747,-0.5158187193038788,-1.150794819949611,-0.6259635276937936
-2.478374165185327,1.748536787490206,5.194341880767289,-4.814608861499938,0.7428062549738308,3.4573737069737582
-0.9103468577220966,-1.5680413990360609,2.4343271794523345,-3.0559256868618982,-0.7632966479815013,0.32677785245357543
-2.528718668757887,-0.3864517003299861,-0.598871233777582,-1.054675955525937,-1.1200930714615465,0.3241592770125097
-1.2996685799193504,-0.653914430351072,2.072582792039046,-2.4099043721273095,-1.8282873699620927,3.7635060878186244
-4.087781754227798,1.9025608222555848,1.6761471786927764,-1.7687091765061003,0.9765353914005526,2.2466162098668305
-2.795846209927349,-1.0987089388407922,-0.15270257677292953,-2.3899973556893728,-0.12622541798884446,-1.4881851202988732
-3.8823626421473096,-0.27648663976701693,4.331878245571034,-1.2451674685647367,0.4381116596738872,5.463634515294343
-4.6041656117038,-2.393352068931813,3.5963594601033186,-1.6693870853174007,-2.1014317460895864,4.903839956784902
-3.787615517722421,-1.4115167706408172,-2.001944608469067,0.3736211946639614,-3.2182069538715012,-0.4927983897015249
-0.6938400502330353,-1.5936123677332032,3.125289713816582,-3.3006509907697716,-1.4161682098747281,2.6261183417467437
-2.2938356888007485,2.494805413725599,4.4079730768270355,-4.665698298795164,1.3777129666165577,1.4328451330853464
-0.5755457663526253,1.2343268594987316,-4.584720472137985,2.042124381012374,-1.9080934283634454,1.53480663053832
-1.3024053961988313,-2.3745397831557833,6.146313923571759,-0.6880976677186439,1.1313869098671017,2.725635815675187
-1.6801830381636673,2.0759105584243693,2.021766990791766,-4.699241944718172,-0.46636772450863795,3.0023914297498298
-2.692188319295851,2.34652568180013,-3.410955359454092,1.5253581017681856,-1.6512935244216398,-0.4508493270691383
-3.0981861423028896,-0.5050397311216093,4.75259801827537,-2.710211417632775,-0.25649286796250736,5.936419288909281
-3.9890461216871946,-2.059735766930435,3.856688355289666,-0.047760341547328444,-0.03509557503595451,0.05090346739528938
-1.3230793661620939,-1.5867224902244663,-3.600840802038558,-0.7451308464275113,-3.6308488724347576,-1.775047856915792
-1.6717322448405625,0.5343385376005481,0.7054574859165428,-3.0141635433242158,-0.03239240245528974,3.622935429928996
-4.889832383108091,0.999681432474536,3.3657885369226643,-3.6626543775558584,2.252352597540921,0.4845784392802178
-3.1515950538571245,1.4276355445030262,-3.8112433933146113,0.8027452723759225,-0.5717836033643314,2.0163524777666293
-0.551992464450417,0.7992534985821576,3.479916748612294,-0.173291523210656,-1.3658709580015054,1.6997527773209422
-4.868341188535592,-2.3409091204720403,4.862329428141647,-1.8676861885573812,0.33104759974323006,0.274126133918603
-0.8484581775090627,1.7700672304394196,-3.769665408227481,0.23966593837575,-3.6777711543392684,2.4649083668404703
-4.236571086711203,0.41362539868171355,4.543845090310498,-3.771810500848635,-2.30292540888437,4.107833244176642
-3.914590366064749,1.0321747263465166,1.7482132374349428,-4.561111425115182,1.37612105529466,5.783229005640911
-3.5446230784317576,-0.9658640140657089,-3.6628221752265233,2.200678576108877,-2.9417177121387357,1.256749321338317
-4.539199255416036,-0.9485273798135119,4.903979137579116,-2.928312335186069,-1.3949577062854868,4.698506323723222
-0.564270206078052,-0.5345975791939157,0.6187553089419646,-2.4015025087516384,0.8785169309223377,2.642681055163903
-1.2061420494548014,-1.6732333735219762,-0.9206514306780589,0.11075961132786194,-4.685762579495478,0.9452632415504478
-4.117750363202339,0.09993140219638441,5.132667893897336,-2.320314169203103,-2.3431573503445406,1.173880816160525
-4.221482815714729,-0.3965660540459117,1.9726574195549362,-3.2703401206035005,1.865772612213771,2.6838789197405633
-2.7101736549560895,-2.033926074659619,-4.2838620368172995,2.4861098550336633,-3.0023324765654773,0.2978158503184054
-3.225214279583169,0.5942512395169777,0.919552269799374,-2.0515058784188582,-1.5025988275213535,3.1481049634838536
-1.9654257696566555,2.1104650194412455,0.027016755422057993,-0.9717936532714226,-1.4160244087509826,5.241864061422295
-2.920459366179999,0.7833020268915702,-3.0448462374540073,1.2709833194674913,-0.60166886365564,-0.1434338411109093
-2.9284816967990546,1.5556108673660942,1.175217444081957,-1.549309112132518,-2.056679439209144,1.989823843498248
-3.1748933716785306,1.0841846284460943,5.343004421055604,-1.248516237406803,-0.5105645857610637,5.674574543254555
-2.089260397979969,-0.7997726700799328,-3.7534587514125626,0.6609082499803174,-0.5455405474429603,1.8481058144344047
-2.2116174964872295,1.6046836950011398,3.4570149515480195,-2.945171813492359,2.4631881043425032,6.183481470913344
-3.9806164612472372,-1.6472036657734235,3.264870668986638,-4.617021108186282,-0.15580344377178612,4.495677651865723
-3.9853398739496644,-0.3768498976914625,-2.7656337969801283,-0.9621165617772043,-4.532168334349127,1.0946808067242668
-2.15322471026542,-1.4570601628250957,2.7800843551296626,-3.2259421275104394,0.2097771965980808,5.471222749730229
-0.14248512683792658,-1.6687421767495119,3.0043938985750014,-1.0299875902561988,0.4222620363980405,3.640750084507644
-2.813171991985591,-1.499519514941761,-4.071603776365933,2.2754198713649156,-3.783948218794249,-1.233791620966923
-3.2518394612952646,1.7973400871591352,5.455664227158949,-2.5739023455129777,1.7575960482403827,1.5976213796491838
-1.4799683803707433,-0.2829807377542961,2.532877328696736,-4.844216522131561,0.467982387556626,3.820707915307862
-3.8203594434508443,0.12876209559440355,-2.159990929416364,-1.2290999249700096,-1.1207752521264074,-0.14792009914072501
-4.3947073519655415,0.048158680821548394,1.8695969736200106,-2.4313959287236973,1.4678472101428852,3.9809007371359852
-2.0019029292724184,1.9188067133770108,4.0357204812489975,-4.789504528941456,0.8131863029839619,2.3500742616897874
-1.546132985339439,-0.3314335325133384,-3.6433921017506914,0.23223561263930748,-4.877768973733043,-1.3257802660365274
-1.8821896164081315,2.0590214080058358,4.903641062365032,-3.283094301307894,0.2403113016950198,5.346055884551989
-3.4923087232068624,2.035151233534677,3.8737905463309477,-1.0040359389687135,1.779713699249708,4.130789475482185
-3.744681992897458,-2.20128523746405,-3.0307843314495226,0.8409620867226044,-0.4260337520379248,-0.8228600452497292
-1.6282688442950928,1.932301375265986,4.9969575912398145,-0.7801171538448495,-0.13235408160724482,2.1940490209350503
-4.142047678228941,2.3388978165858703,1.8577353847618636,-3.5519521821019917,0.35715031038073075,6.132329899263115
-2.017216323698974,1.5773572741606143,-4.1024602411235715,-0.8904710998695486,-3.1279085601169547,-0.723628471599937
-2.4669631290647756,-1.4257433833112914,5.138445660159648,-0.6896983487162291,2.1218693293240154,3.3058550172512655
-2.3778656514026975,-0.05357138416711438,0.1566059078169987,-3.93916455812873,-0.9109323401316343,2.1299252099151182
-3.5522899993218626,-2.137733964806637,-2.244323583644876,1.4766451132022467,-3.451251403860829,2.2263881804815018
-0.026183530399411126,1.6953640926667486,2.876504729222629,-1.2397594743368598,2.370801769586465,1.5113720914604802
-3.77407579522109,1.9900565323691133,3.640226449895401,-0.3748174073296866,0.14914646728674485,6.108281516538494
-4.139307772013705,-0.8188753629968519,-4.853709933284116,2.233082528995862,-1.101833515844401,-2.1426614437798115
-4.036664787993489,2.2461714167624915,0.9434165312625603,-2.734124058319588,-0.36567565566745763,5.683486316913312
-0.9410262351652001,-0.16036056711817226,5.173951351194173,-2.53524667503274,1.259914922764242,0.7737658982329171
-4.647340279442622,-1.5689035245434342,-1.6425725090100296,-1.8121377841402475,-3.002307555211505,1.8495608743336112
-0.1885157772779147,1.6718442747995823,2.8852972691457808,-4.133093022044886,0.5709083554188772,4.821720124497469
-2.99712457141428,0.026282153212362935,4.171201448443702,-4.227939521536877,-1.378806645545387,0.3415949396576497
-1.6308668272486289,1.647536507952207,-2.1176283704064023,-0.46143072850226474,-1.8833732157056038,-1.458059171984694
-4.931267076879627,-2.332331656627032,5.208873084884758,-1.4875807249179376,0.41998244853985467,3.999240482616147
-1.1821447138008327,-1.4752990393054366,1.7180646073896888,-3.446572843108813,1.61770846573405,5.631900839166106
-3.2623807506125173,2.381915251011903,-0.5890741488622764,1.6362899546982428,-4.5922620807991175,-1.381541142838281
-3.188960595058123,-0.8343067142303928,5.037733444675315,-1.7206435497173937,-1.1221765722113042,3.931409365129443
-0.5596036416775334,2.3001118054853045,2.6207549869596054,-3.3131132079678913,-1.9154433485388234,1.9512403347302312
-0.6866059809616026,-1.2425483505919033,-2.221077999197993,1.2293951504594984,-1.9585713795514987,2.2167291698870946
-0.08352978434170488,-1.688891052062228,2.6435012835318714,-2.767012718703572,1.9026815553570202,0.05335372228208676
-3.6179778693574125,-0.04781108765606268,0.2817537233945663,-0.4050675674287616,-2.495159431140226,4.445546826177987
-0.16140116564931306,1.3682087259341085,-0.90906536846242,0.856739404373922,-4.020972425344306,-1.972910830496994
-3.4781423362997415,0.6075309354983154,0.9707285836476454,-4.006373742886222,2.171933867926363,3.1466842243170996
-0.6993521721894034,2.417461249416152,4.433163799369976,-2.147216394087052,1.595507442996439,2.2362989904207833
-3.3944275391940493,-1.3898145347524171,-3.4032214220379036,1.4568982423215067,-0.2854610922457407,1.5407132910177799
-1.4199237936058595,0.9798853988161009,5.972181409979476,-2.4604962702879374,-0.704793649942645,5.02664268810502
-0.045106870584100456,0.504637822815583,6.013819582874223,-1.563898748478076,0.32777750446455034,1.9699635385920908
-1.0410469559612023,1.8737699936730232,-4.348677495029602,0.6564937673486,-1.6323868686659748,2.4388083012435917
-1.6712935656507244,-2.294145528553664,0.6330558409554135,-2.6125357223461365,-2.387522753158597,6.150408986380004
-4.326225118377745,-1.1412424362638958,3.475322600488777,-2.705052067926268,2.3955208942099713,5.750083106139693
-3.228265634221682,-2.0736329658839625,-0.34452952127243586,2.24536195344914,-1.354926055272998,0.7201159073154297
-0.1531626379344999,2.0737122573453313,6.0129099030393585,-3.9390014354224707,-0.17043831840156276,0.3523465943628842
-3.109881356989738,1.712918452720821,2.99035422269293,-2.3585023526798183,0.7830305155750059,1.9549521767611686
-2.979633147321076,0.8320059817316339,-2.5427798081861672,-2.057473390403824,-3.6748115859206214,-2.3493223261042306
-3.1083137436432633,-0.183911521155812,1.1903494460560562,-3.104016139568213,-1.1229636836473604,3.417774028658266
-4.570646923329031,0.43224298278173157,1.473297768967102,-1.016682502394723,-0.16314077001060134,5.938189044983629
-2.640041980934495,-2.2861977880714104,-2.2654221631513356,-2.3744029116435406,-0.7949690460479197,-2.095422816207245
-2.9360895279574195,2.238893511784278,4.743200195589504,-0.3347901855233406,-1.4200839046308928,4.6929648346771335
-3.216996792041526,-1.449855517969949,2.8549669231030084,-3.7775099124579503,0.7264697765806454,3.1259083813164206
-3.7116047499841427,0.260250701567343,-1.6234730897583227,0.452519300837503,-4.279188398030839,-0.4095549553776321
-3.5829918054022594,-0.6607973024500013,6.077706156722848,-0.14147504805796451,-0.973968355769248,1.55169572299464
-1.1593694998760933,-1.3640605889188966,4.673467546826079,-3.577779487043564,-0.6083073787354532,4.02416011496926
-3.48771616788992,1.8381261588475342,-2.9813209828859693,2.19518953193937,-0.834809536252053,-0.9396739636576346
-2.6083116262442863,-1.4251413580785925,3.409741016487607,-1.0161669743159294,-2.4277247386871235,0.4986774046630832
-1.1714829631438417,2.2912943869809856,4.266039571278609,-2.5292513889540515,-1.6874069346292242,4.265355582077433
-1.122131445152072,1.5867806086399785,-0.5229300266773373,1.6518249131719251,-3.28976578366368,-1.8673556284296726
-1.0453015812612767,0.5237006356044112,0.7351559979446666,-3.144746277398829,-1.0931604528681067,4.919349693011141
-1.5143817329026303,-0.4135428155804406,3.0533863235533976,-4.489846633479036,2.203773487602957,6.270918870590505
-4.539037797302528,1.1365037771305353,-2.810322871684923,-2.058605824914708,-1.9431826463619544,-1.4814045007075745
-2.6689498085298533,1.9568718789313246,4.842613706175584,-0.19094756069493002,0.7333692883565073,0.7968985907771762
-3.1646848500617937,0.5824771619487001,0.014460552041714123,-3.8751547631399412,-2.344026414690343,5.413933339789035
-3.2463389301564325,-0.07315940153062428,-4.305678880744244,-2.0216585004653025,-0.25694560664204,2.323567965355827
-3.9900341371376364,-0.28532220309285616,5.379595824867593,-4.604126404352808,1.4050598642102314,5.011391399490128
-0.1402400225162479,-1.9728040094322568,2.3612085196660413,-1.4115601207783115,2.2167858688839654,5.0818766126283235
-0.9631220150334041,2.0698600909145126,-3.865284702043791,0.6430173806721111,-0.3261540576057481,1.0904494614463167
-4.754129743712738,-0.8099685569421005,5.7049327651595,-3.3636603697088434,-0.17603761801701756,5.8160279617573165
-4.939318404747146,2.4050643634157343,0.4350671672294434,-2.401071553424559,-2.373083744671782,0.8644463060208304
-4.107576472823544,1.4582207010482504,-2.3135147165191916,0.934080258710309,-1.4181495219879048,-1.4471980522217813
-4.226554162898134,-1.7722910711442026,5.304288712388407,-2.242168293038636,-0.24063854992077438,0.9634102889908801
-3.711364706863358,-0.5317042922779236,1.621622764455835,-0.09102589186807108,1.2735934172797658,6.025180344953554
-1.3974229134541538,0.8604210405629678,-4.761251657254923,2.3975416542466217,-3.903084724433577,-0.046254270845681233
-4.894543415754323,-2.3972302739454805,2.4634691919638887,-2.2333274202100513,-1.0284448672527224,4.309061308468085
-2.035155579705447,-1.004694723793225,3.8000578711356976,-1.5321414028955593,0.6151943178063553,2.6455814778883284
-2.4784843940932424,-0.704631320846747,-4.663921454625363,0.9898208852811852,-3.417455913707661,-0.01101929509133992
-3.5975508446691857,1.14924054782509,2.8831483427642137,-4.700798633567664,-1.7779191744088156,0.8965231214134258
-1.0355717355144058,-1.4510640729415418,4.906667789803313,-2.172069834160424,0.5831099296668563,4.3400182946602355
-1.155083959029119,2.1664435704130858,-1.5602017852430299,-1.0293442906164247,-3.7996806503835594,2.428271921920289
-2.6804976022338636,-1.3640821228986655,0.2943080073276751,-4.412845712085861,2.4944379349718533,3.398465452334767
-4.314229616779594,-1.2622681866804253,4.147206766256214,-3.70185714352052,0.4095634399964898,5.505470389680287
-4.82423953018687,0.9439052317738716,-2.3919622485344743,-0.5819809942727066,-2.441681220549674,0.6775045607671615
-3.612815521689754,-1.5023384880308588,2.998183490921258,-4.436626293717267,1.7325359803981186,5.292633267792657
-1.3106788438576404,-1.7143746756424934,0.1778915103223092,-3.979964353740169,-0.837532413771565,4.4827491649811675
-1.801364195575255,1.8746545251347486,-0.18382804150494592,-0.32492456576535433,-1.8437355283414298,2.0842707246774195
-2.790269703709696,-1.095488662380919,5.76272284278821,-2.9599334534308417,1.8761758833104567,4.2351386083915346
-3.4089129754503773,-2.487067616706028,2.7642599932545093,-2.891051854469402,-1.1026240832958278,4.237692573225379
-4.198229644473922,-0.9085751891176082,-2.493127067812855,-2.3401371100488038,-1.2833859662275093,2.23023398993302
-4.8732391133328505,2.293433371662358,1.4351720470482694,-4.469613559507845,1.4890818323629111,0.26935271987772685
-1.0226084385735525,-0.36757377323276863,4.244833428105533,-1.8725197334217416,-2.244496527995972,0.6127869471889408
-0.1408592518558155,1.0459550624463998,-1.1259383812882424,0.8261642375536491,-1.095482814056855,-1.6211988024626234
-0.36507946374763023,1.0837035313528842,1.4343318636808762,-2.552397587889898,-0.1960340214805658,5.346453648219785
-2.211480264420697,-1.4612500664011951,4.4086481203747026,-3.7716374812824633,1.8756795192515021,3.640377920466223
-2.7279454002841397,-0.5861411741494167,-4.526942781791443,-2.3451631584125234,-0.758521436660135,-0.8888810202871138
-1.2878123387046232,1.0245143027027708,0.6146135062884508,-3.8992399830735627,-0.9405144478783478,0.8413116554571353
-1.8015944911033142,-0.3169113493444913,3.5961188888410405,-2.0836782390742887,-0.588541330980958,4.300074772150713
-4.405054195740109,0.755890203328129,-0.052083791067603635,-0.7269088903961485,-1.1148703654182868,-0.4720426137681004
-3.575273192554259,2.127285215833435,2.0289383090889936,-1.8808078319735562,-1.7288644349085225,1.963688617475555
-4.48313739818662,-0.5937919664969731,4.865191059715415,-0.017629493747920222,2.0276481673999083,0.28753925592253377
-3.40450897506211,-0.10106560559338718,-0.24055161264636638,1.3818819544633087,-1.0149993883672548,-2.4649899604015904
-2.981708600796611,-1.5199493508605082,6.167906429803753,-1.662249119066845,2.1276549753125105,0.7988798511764074
-1.639915247364887,1.7692971604473513,4.149969169457116,-2.6439219214926073,0.6439026503061598,0.6685243037427175
-3.6692539512545546,0.8816676426613128,-1.6097568525377266,-1.1940692138982394,-1.9223514313923178,-1.1470935958327977
-0.46959093064972457,1.173805989264673,0.30327970705367235,-4.4332052221443945,-0.5610576144788366,2.3374095253584732
-2.8129580355793937,-1.4816626545378715,3.34090823663564,-0.8633808108915382,-1.650838690318337,0.11085896275335423
-2.1717530319975435,0.9168431374857033,-3.882419990218856,1.038231935876758,-1.3384709563353836,0.5705888544738089
-4.858901417947511,-2.2042425579627967,3.329153971345084,-2.3863541369861023,1.5889194840275591,0.11071166396812922
-2.5695600137787644,-0.4966840292083603,4.521814841049546,-3.215471162182925,-0.4131973743007231,3.1906435205837362
-3.6529970449613804,-2.227588964642927,-4.742959931202137,0.0436194612397407,-2.073790504619662,2.0825971940619405
-3.9800682551126516,-0.8702683005204526,2.0719174080974248,-2.2143515983652176,-1.4487424381405463,2.194317619770408
-2.452681189171561,1.618828288711848,4.482449467001161,-2.117063674676874,0.1986124581171671,0.9576363648143676
-1.1080623787612027,-1.9786129876782028,-0.6398755571390041,-1.2902850540677013,-0.22996478920563834,0.2277527024792736
-2.2420873626481463,1.9297245211118819,5.582222623899595,-0.8656167925840341,0.7634362222122428,3.821370641311538
-4.5720209574167034,2.118845001219393,4.632886394516538,-2.3056994781559275,0.17900585985589235,4.475072897376363
-4.29133863814662,-2.169999675639955,-2.749815611196462,0.7542314489808821,-2.4315487366749866,-2.1617357076091777
-0.9290159399672033,-1.9535366653009927,0.6235755248386883,-3.1940896890362955,1.0482767651510083,3.392310843479795
-2.1315589549079546,-1.3513801362379074,1.7476999429609603,-2.639541292050266,-1.470538899007866,1.0305047632874387
-2.8258849612508503,1.0375448471757878,-1.5698412477973844,1.4531159353010774,-3.303539543328953,-1.3383495507581533
-2.2910612329025195,1.01762022641425,4.41453035265618,-0.7432826878397911,-1.0033307561298677,0.7329360137248814
-0.6967307717851856,0.20122247148835548,4.597603443129549,-4.576152456065866,-1.8482141765776965,2.350961563624792
-4.536352723408235,2.2088747009698038,-1.9333298403937127,0.6612102070695696,-1.3421563808205272,0.4848682500839283
-0.28823114584387177,0.7550315933009877,4.715737071846082,-1.1982989015621652,0.06908878533400786,5.124871635269904
-1.2951966552970156,-2.4201415910264186,5.667065952603186,-1.2611058932299013,1.8834516066863394,1.139664383214042
-2.4368261646571328,1.9603512993236496,-2.3589420974644963,-0.8598608353974551,-0.5157496809358686,-2.0686190722640987
-0.21645053872271625,-0.7948746596465261,2.5781149625224056,-3.4850378858821047,-0.7777654576816817,5.0339532369110485
-3.629605272185362,0.5274365372795402,1.4592969895849301,-1.9387819193201752,-0.7607262904940888,5.145865525563686
-3.503329774859634,2.432554943742053,-1.3187292574143745,-2.470328990837254,-0.3251422502137652,-0.12736133910199499
-2.5481610353950006,0.2914502975235993,1.9216852557356392,-3.9676317664024396,2.3345126970906547,4.233399256239104
-2.484449538087006,2.0236296156300817,4.816684545888686,-3.249856260950403,1.3128788108018776,4.028075243862253
-1.3571124346044194,1.5312346934430954,-0.5932056614983028,2.1957264304266726,-0.3280016951227993,-1.062375612424204
-3.8826626758155225,2.2245139996923866,3.0424288298384976,-4.810891780372611,1.8415163363617246,0.5470623761031296
-2.884418756901396,-1.769718014595959,1.1930726256890194,-2.8246866276418037,1.0524602462060741,4.545102966528507
-2.4485127859382096,-0.7563887617913907,-0.8488849240120205,2.3489966463918757,-0.857038387723773,2.1438030327208972
-4.295150970529305,0.7391893773816727,1.6694055474594502,-1.1791776516883679,0.586020865086426,2.579805095899324
-4.821543409186023,2.0567927747444124,4.328445870192115,-2.85890147492621,-1.2656114154698528,0.10403839497844271
-3.47375437606663,-0.0015240639949571921,-4.418722875888235,1.0982823914119249,-2.6289119478513556,2.003603350399753
-0.5473458993626652,1.5302927076185995,0.048511827209237836,-4.458599173495975,0.7100884608771385,4.974972573635881
-4.05294398967396,0.5674399737230122,1.6512194004908898,-0.1859729784173929,-0.6595861230408784,0.38838100367806067
-3.046202309238886,0.14305453393145218,-2.2658855532933426,-1.6851392571424484,-2.2512866779511924,2.0387615270745236
-4.718926503055453,-0.23690824695324864,3.804314732915652,-2.735227225044306,0.35790074934802263,4.2851296532655665
-4.348144551793165,-1.6085621457971067,1.8082237169092954,-4.507186096249125,-0.2501266744349473,3.5863478441522707
-3.7906488135790264,0.2025820622674921,-2.1406570538951017,2.3635268228024557,-2.2832250379861496,-0.04542755356871764
-3.7674252765363336,-1.5972872621729328,3.517501807152155,-4.350402428995487,0.7507590754799147,0.02458014560669761
-3.446363725528108,-2.227476748842154,4.397877587729882,-4.308209850282034,0.6019299362959636,0.5357142545908127
-1.950355174182018,-1.1854312529856326,-3.72633318035235,1.188972869892524,-1.357562463536714,2.1569166615016
-1.706997881167705,0.09646863259501925,6.218561631579991,-1.9502345801577747,-0.6727479777038936,0.3786204050644285
-4.751362010621719,0.7331819395588117,3.2774780804292942,-2.922070701313984,0.5686593002838256,6.019380717267942
-1.9080590095002554,2.093378409257503,-0.26267166537801645,-0.65463441580636,-0.21019212793699504,-0.10891631552374204
-1.2186074883559073,-1.140991583621838,3.0740101769082644,-4.880646904602782,1.1603200830401383,3.2487548321868664
-1.1822110778475867,-1.1703552067806373,2.4735217197108796,-1.2285777417446764,-0.8309158231529095,5.316037865390428
-3.983729550196941,1.0751800974719,-3.4888162955365103,0.1321937821051895,-4.154813450878402,-0.7926428715249316
-2.8334551031680437,-1.6595103171798986,4.697122424559405,-4.811846041459607,-0.2108905951674216,3.780539566453614
-3.329141055514157,1.7466469440164483,0.2485935334541816,-3.971963835677536,1.0820427812584494,2.266639831503817
-2.0341292450287636,-0.17494479089887172,-2.035011997812756,0.9318557595372674,-2.9680920527084838,2.031684295692374
-2.93543697187987,-0.9055801707257682,0.3180544372195911,-3.747935789487,-0.9063063497246331,3.731590749256046
-2.147890025924398,-0.8874549508322371,3.09142147540228,-2.2166138169944793,0.145238654616465,5.858156497463345
-4.418123416695466,1.3649550893538724,-4.252310789825902,-0.5194197900364228,-4.21204545851522,-1.8699649647259982
-1.2927003820396479,-1.668588076728383,6.279241479844518,-2.9721325199527464,-2.0369098818571874,2.534185941927848
-3.0697052487367764,-1.3712752427022075,0.8469239814243297,-4.202918131727881,1.1704662022757177,6.103016523297964
-1.828848014630306,-2.1698316819232755,-4.984350426662651,-2.452017899842795,-4.0560362745848835,-1.4767990565236473
-3.2503014266690595,0.27929087319371426,5.263581423584125,-1.2607397376832923,0.45418235818896857,0.3089557275303784
-0.2279698573178015,1.3161415288638016,2.755371137670674,-3.776128311707687,-1.637987330930215,5.51863424893752
-0.014754912033581591,-2.2173496697292743,-2.3064803084022953,0.0160505154416124,-0.9197351891416355,1.071696344739487
-4.6430913976962565,-1.4030018037279972,5.643031835488862,-3.3868540417373367,1.533069301188302,5.2009970716053955
-1.2720903639623078,2.4847374688917174,6.056530543882631,-0.16818544821682746,1.621581770760531,4.431545976518214
-2.9076166328615964,0.1039498390168192,-0.6505804413385413,-1.2857509624192325,-2.3993036053630483,-0.6962127742848778
-3.6814350028364737,1.9994522339510672,5.622042396824899,-4.850730628763554,0.30895470139962455,2.4168162723403617
-4.425258878347986,2.3783521023985488,4.015223384557674,-4.120816627659768,-0.9381877261233589,1.8432921047951203
-3.6949320993530144,-2.441727870492599,-3.6295743878582942,1.2315858769845378,-1.538380203798197,-0.775354672793167
-3.871749036149827,0.3424311917806655,5.8380957722523235,-4.841647433959025,0.6232132147395237,3.9979643504752786
-1.9739686294066408,-2.3334531174019824,1.6534119645888585,-4.808987126889306,-0.48155656422694726,6.166829546540447
-3.0475053555454745,-0.06001390165592291,-2.1732188831693575,-0.15795371190152885,-4.4440341652857915,0.02553467273721699
-4.638265600401391,-0.6018918006379486,4.995176659739469,-0.5446026448723709,-2.05043852690791,0.3243190469472936
-4.538025284813577,0.031083106317764564,3.7933019213611017,-1.6154990628422405,-2.1099647371653933,1.989607931641693
-2.9165299929035897,0.022112184594913487,-2.0284969469850496,0.3574794176369971,-3.171707179455039,2.284038258654628
-3.5753369772412844,-1.0346523409494746,0.9356024157409518,-2.907795233452279,-0.7137409221099189,3.2806088866705667
-4.448965521413974,2.048155366173992,0.9530165668267988,-1.388541467308949,1.6456743005281815,4.589071653725264
-1.578014487276962,-1.599656066472352,-0.42664627931384813,-0.8335019693452499,-3.428324298769723,-2.3187827595562975
-1.9513256086786375,2.223134551805881,5.2107008339856105,-0.730643124703203,2.206026614439648,4.829773103288693
-0.20274983193993634,0.008417766447276875,5.403963602658492,-2.4007870549603623,-1.5738454028289073,4.4830633613944935
-3.4895208757130938,0.17384604894661493,-4.17665263554227,0.42057548288920277,-0.34715603998607236,1.6537701906716817
-2.9201279360512054,-2.2288435831040294,2.9415586264762736,-1.7192539790648942,-0.6264436095420072,0.9487705608402192
-3.1617986338663417,0.8537613455948052,3.6988809988212092,-1.928252189078905,2.0458591398702,4.673817025586361
-1.4095252801598783,0.12250342718766483,-4.925831577023977,-0.15623421272208793,-3.0415578884306065,0.2585960753176888
-3.6939378078366665,-0.0401382611624026,5.6416651285987545,-4.768803288669085,2.076401958074568,3.221149155726481
-0.10339308120182622,-0.1624962066694886,2.134289279738486,-3.3548026662803547,0.7165031021590962,3.5482525326802272
-1.6230321852838085,2.2345239761520723,-1.816629787291066,-2.101421310796707,-2.35097079786202,-1.940133100103068
-3.4608056242188794,2.224718684453264,1.6236807318668296,-4.247340177519178,-1.058443658879411,3.559122503479129
-2.230921916779225,0.37374858533787414,2.6465855232911175,-2.851778985381801,-0.709355701536329,2.0356464555519067
-2.704487951155141,0.8986109702463612,-0.4527837189593992,-0.24122677008500615,-0.8737269622744687,0.8082792395354117
-3.736304126734219,-0.4565212889631458,0.7565910134726527,-2.4482740395516367,0.43164863172122736,1.3158011711131616
-2.534507949769594,-0.17489663408554534,5.448823782077676,-0.7282678182510534,1.7600932091937054,2.6290067675363487
-4.561042365992459,-0.7542996143543284,-4.188796361826521,-1.478359664950883,-4.222424200014034,2.2262652592427763
-3.052271979810443,1.6455364739195586,5.197218437665965,-3.45207904747358,-1.6040275688623418,2.5071706397812417
-3.2486378810451404,-1.8543819883402661,5.645560271574242,-4.596370275165539,-0.44405993789398224,4.208450134438088
-2.555822043844703,-0.4890134565708144,-0.8997047300912092,-0.7403297590249203,-3.4082033527756774,-0.7667836553952867
-0.5201923511065978,1.2841838226119666,2.6612321872152203,-2.8385736914009847,-1.017489082091822,3.0087334562623576
-4.132389979178572,2.2676661601976003,6.033083901794857,-3.1275944733313454,1.9742532433775093,4.441776920025574
-3.5016926497721403,-1.6316568233806428,-2.2974570676830237,0.14258002139448012,-0.9160741241086406,0.6229319823652752
-4.791745944052538,0.21286972766023204,0.5588660322664113,-0.8617774903465705,-1.9672319833201874,3.618008238232134
-3.4340882493255425,-0.4881425152590939,5.3730692043474715,-1.6404143927996913,-0.27386758745707507,0.866748281151554
-0.7760098777683283,-0.14826339623109153,-4.850117599289079,1.650846298641416,-4.121592583196847,0.809733562096687
-1.8326019860250433,0.5759554853911069,2.1558447916855448,-2.22137170122286,-0.8627581516544862,4.205086843132775
-1.677534857421625,0.18088568000454108,6.02716138857001,-3.190433009950953,-0.5064801464598834,5.058390696116707
-2.7026404301586355,-0.03131020826798636,-4.546422650731492,-1.8102686350581854,-0.7537335294597464,-0.7419133167618415
-4.7046344689909585,-0.14983866971821902,1.1787449718904208,-1.7232915809307574,-1.016553060152467,1.3680455251062076
-1.7963362228753916,0.027485783205358327,3.3995226435080235,-1.8618320403270983,-1.5441820208726957,0.9227476299995109
-0.7014960169185053,-1.4170935383818828,-1.1257846291105533,-0.06064362801282597,-4.902589447283446,-1.6990617205533214
-3.953772193876723,1.4271315566830496,3.8222514398576286,-3.5031629439038223,0.008442382969132023,3.246530653834121
-2.303136566657801,0.13756726423829368,1.4063323642609389,-2.3020455594337434,-2.37475134368518,2.7600589696993683
-4.328018953463467,0.543776927361963,-2.4114319469481686,-1.4165217684628828,-3.585697685695151,-1.1287879892519148
-0.2963036290225407,0.5911712174519663,1.032327761282121,-1.058720706532879,2.1107603017318075,2.1842974068161762
-3.5242715903677113,-0.5238041727120595,2.768612956086305,-2.04630884562064,1.930124981227908,0.25643799284360325
-0.5955406729722579,2.4852726092297885,-4.910822595772721,-2.409704750111206,-4.900620461110025,-0.6021023960158263
-0.06896823246993655,0.24694798441063748,2.7111640401447428,-4.592802401621599,-0.22460493059260322,3.2134326178606383
-4.00834084663212,0.5471056538015375,4.449727662025521,-3.541183774465926,-1.972558629256929,2.110379444662136
-1.2008752106995018,1.2165846517823575,-0.7016017005432851,0.48921278676590063,-0.6700233970376801,1.6904187391633672
-4.453327644272357,1.30053860238164,4.6819056762385305,-2.6862340079472125,-0.31426768587804643,6.269048197417135
-3.422241439693865,1.632003885566859,4.940772407900843,-1.1263338643723362,1.072527652842799,0.9139812701136549
-3.358892302876726,-1.5431047912109626,-3.0914333799220484,2.2269507884026893,-3.5451749061834543,1.22558626168804
-3.405448513992002,-0.2769670712359913,5.921566544475745,-4.591932375689051,2.489941653599386,0.08768928047766382
-0.42498311425665936,0.32929347340110393,4.059424806651134,-3.1080473866947944,1.7151012089590916,5.751988081447309
-0.12720652916160147,1.0060797056378332,-3.442290672731589,-0.6396414189981525,-4.372236483291865,1.3626177093099323
-3.694273583728995,-2.4117283423929448,0.8571375757596453,-1.1916975988270972,-0.34467615688031117,2.626503565710811
-4.564414979297247,0.04106066078841586,4.980232710999187,-2.7410300204209492,-0.0944478760000731,1.1105854676705023
-3.297936258043563,1.9535209160937974,-4.694979726749643,-0.8485493128348964,-1.0490166598034611,-0.8504800372199972
-0.07707410134196291,-2.4849879964980914,1.7797650003348398,-2.500988626782432,0.5315132243610026,1.4187626038320091
-3.90825132280169,2.437931625940174,1.4970459702131698,-4.050338013420042,-0.6396338050981072,4.245266452073231
-4.592847241116954,2.4458720432742407,-0.6549777378243138,0.599589115364231,-2.2934587518297676,-1.3299196414195902
-3.7220237452250595,2.0854033377535988,5.923743526105382,-3.5411238240102016,-1.3726355146151659,4.270115455322104
-4.176707379328929,-2.339317877875313,1.5601076405648948,-3.0372420488913705,-1.172147599407427,0.18248365719666748
-4.8120959370941065,-0.07765020475337492,-1.9889865783579952,-0.869763731884658,-3.2894420794223667,-2.434792615208174
-3.817131544449963,-2.4747243633869,2.187702068273403,-4.201621451051679,-0.12310407777938615,1.9169198984099036
-0.6183130002992261,-0.8450394396657357,1.3649540942750527,-3.2934218506820128,0.1112280604275444,2.026722999661459
-0.13677642466852546,-0.20456807457582915,-1.7854079502388336,-1.3379673340742515,-2.235725083850559,-1.2836483699214978
-1.9581683429923458,-1.992815377550523,3.2039353131965314,-0.3527822072138225,-1.4711301898017144,0.6827670458683215
-3.5492592891263532,1.9086978525312164,1.3810293062985248,-2.686248132867889,1.3306683095382574,1.9915670114254855
-0.04045853126099341,0.9505770091165209,-1.043469210423289,1.0073889864582752,-4.005315363587803,0.3041226789167526
-1.6121657112585055,0.40475296091814217,4.263649140751658,-4.085985619104827,-1.2871651954186554,5.875214371526864
-2.146364519953889,-0.9371718530847835,3.039932473765397,-1.6801692289147443,2.0925112807933637,0.11399821087775422
-1.6816892715319764,-1.9166463987850895,-2.5489847590338006,1.6482789477690645,-3.2860656250601665,0.3299755673470326
-3.30240905720838,1.2538952774418166,2.162046931205473,-1.466264835925641,-0.7092249412329426,4.291454809189575
-3.5452399100979175,-0.0055939472445705185,0.7115351162308734,-0.28954395546050105,0.39639324297554435,2.737342499226761
-2.627388274721332,-2.214388910364606,-4.53497001886288,1.1215355428720226,-1.1132554666593375,-0.9800741404737967
-4.469058216772019,-0.6497645131805851,3.432369568597531,-0.07987078183435248,0.5329458262323556,2.5536114936550827
-4.6339633605668284,-1.0292225896909861,5.421696968971474,-0.3007479652216647,0.3563126279675046,0.9126158065535392
-1.1377709060786874,0.5331409513628276,-1.8962208824607996,0.5007399284033358,-2.7103496823887694,-0.5542280542338129
-3.420138666867371,-2.148875786205206,1.4522174379937478,-3.804158393228354,-1.2885134468037807,1.9410914125648688
-0.9562535577014515,-0.5525340374700467,1.8767448629986048,-3.914267798033652,-0.04011016728999062,3.170441292515427
-2.119956659520211,-0.6387913660918243,-1.0351865250202885,0.22196355310306215,-1.4651126642701233,-1.898389093626155
-2.2993379357811126,-0.5847661769436063,4.80332570988529,-4.114803987455866,-1.0824034658918507,5.358267418771969
-1.8248337294562784,-1.8421908797404052,2.3884646263379747,-2.884466438625757,-1.9759672762468257,3.403893874824535
-0.015541006109524025,-1.3284956054925356,-2.7686648668527307,0.8356414892740922,-0.35938324669618216,2.2052073962526118
-1.6526450830971315,-0.9835020749372685,1.8799652356716063,-4.738818516067062,1.5455383022373486,1.272559818304438
-2.7731023750787727,1.8860198283791947,0.746101332799668,-4.030081986682506,-0.4876131264329424,5.636617066246241
-2.0420128475154895,-0.5857974790011751,-1.7275045884257696,-0.46471506344534275,-4.234033233979529,-1.4622677657478256
-4.975301645963225,0.45295036826072366,0.6726683918743784,-1.6974929233321916,1.4387070557134236,5.044242790914598
-1.8879434631966086,1.627005744795281,2.334811985811241,-0.6359061674204565,-0.7110417534279245,0.5820445523457828
-0.5461789937421574,1.879835216330231,-4.312063694208227,-2.469468198302235,-2.40205088919972,-0.4778749242282876
-4.692191455303732,0.593671562687283,3.632505104460633,-2.5836455999213785,-0.9618887426599976,1.9031321845928542
-2.903256235940728,1.4704619910255623,1.533214146304523,-0.06408003723610811,1.305209395525031,5.088390847507647
-2.3031635129752086,-1.3317127723574558,-0.020635867259839458,2.3565852179449926,-2.893157419748389,-1.7176567507189322
-3.075375613157307,-2.3581352131544038,3.975443444492836,-2.3986906258625833,1.9855624080040855,0.4110526009762251
-4.786660493070843,1.3528865379383315,2.8552385712800494,-1.897072277692482,0.4304759457572609,1.4560844447191956
-1.6987649539753331,-1.2135457085157615,-4.036170458633649,-1.9985654827986528,-3.7705294180490907,2.0096252448814402
-1.2825206209230227,2.189234758788955,4.425502825424582,-3.5829654389948895,1.285220230768397,0.23486632248705366
-4.95531254896571,-0.02595211025972377,1.0673919032614356,-4.901412837721967,-0.00488708279275718,3.0138253679598748
-0.6273317923784311,-0.1505744868017791,-0.39908162891950816,-1.0748581407193292,-0.5378542794044161,0.29741737064997587
-0.7670781351211478,-1.8890297459732914,1.2247433651594108,-2.548643551649841,-0.4999191569296273,5.6806172379800515
-1.860405298328029,0.5309402184329857,1.5321693034841546,-2.557550122179006,1.1779168438395398,4.771986209480158
-3.2429282196507208,1.62101888954754,-3.545669139929058,0.12925437278840324,-3.4085867289353415,-0.636801263757284
-4.457979650636169,-1.707769642093922,6.050557048104001,-1.9988556255850716,-1.6337038429101125,3.691859125562501
-2.802303699199185,-1.9910681099584393,5.705690891239691,-4.054825149495568,-1.9443206814730902,5.82225033672164
-3.220454384029156,-2.1838737756895337,-2.289506028478023,-0.0737888430431104,-0.3798552432503105,0.6134372780487753
-3.3592155848153853,1.780903977472617,1.0748734907851576,-1.455253059449329,-2.0551710213077774,2.2634849159891717
-2.5519636166488233,1.79534100615205,0.07859188148939475,-3.541631536198286,0.9243228288031902,4.861273805940975
-1.2645395795488228,-2.4878946833011,-4.50109707197411,0.4218960446165996,-2.137888630579963,0.42216885284721606
-1.445017817463809,-0.3764991442844208,0.9948008306398832,-0.04941518951901713,-0.8071786926749358,0.11923318045189446
-2.2410607266065092,-0.9839713077824102,5.54072703762953,-1.9608496910145599,-2.0615717226321886,3.5778158242269265
-2.750146723683918,1.7279984260965078,-0.2165629806913294,-2.301091020610289,-4.141350092214884,-1.5319321087370974
-2.8199984717891873,1.0615965600416661,3.890714479443702,-0.8020331265320664,0.08239967434964957,4.6504233255471545
-1.1821048812219375,-1.4179893029277368,5.438174392691068,-0.8840809944175714,-0.8904019722427363,0.24470574345243598
-4.940131263084555,-1.2381712944895868,-4.678417936340631,-1.183991860741238,-2.837192963804288,-2.179927737375449
-1.469614688752209,1.5387669199506036,2.744824563723218,-0.35798256721054056,1.054270403348141,2.028630911761011
-0.4003739098868371,2.064096900705339,3.999555911826254,-3.08701461739165,2.239308458830397,0.42541177600883084
-2.590398938502943,0.7585321210618883,-3.5786788247057255,-0.7385866810372532,-0.13014736381781133,-0.06461258659950442
-3.327223450024041,2.1742451932872493,5.054630493304161,-4.052273507846872,2.3450345421567587,0.8382363659589287
-0.23272865301127954,-2.0843422113437375,6.274622458714653,-3.7198750033241406,0.17200317918646357,2.3532865887676375
-1.9475777621623125,-0.4970713432195035,-2.195959773029993,0.721546762286764,-1.8462531096650263,-0.7496328516568285
-2.7965174343358683,1.1507391600625527,5.119976763798558,-0.11549959358253936,-0.15701883646757953,2.765773437152492
-3.882460701644181,0.5185273997294542,2.1253191009493464,-2.0201757284378856,2.3414512247003536,4.809535018056788
-2.543171160073186,1.5048213709880605,-4.875808201133053,0.9506186824811289,-3.9837478065427847,-1.7333805308299115
-4.022905798684546,-1.4279041675838773,0.27152790876752964,-4.840926944135564,-0.68200496340816,3.8830163404914657
-0.4042918449391246,0.6669332364584433,2.2786276748902754,-4.3347484542224315,-1.8537315522022357,0.7730748999689449
-3.373065199884519,1.3784932879076823,-3.4701982445196844,-0.30528265032364166,-0.4703967860659036,1.3513217326164773
-4.106511658501175,0.9268329967733306,3.8866771457459848,-3.6565932401947276,-1.4891022108827323,4.887651112741883
-4.051263028066781,-0.5486432651268225,0.5126818480199656,-0.17773752312809243,-2.1457360853937715,2.580763538719176
-1.3987426905075884,0.5565165331821076,-1.0789892165003534,-1.162886811276851,-3.1228472066419863,-1.65121753940764
-0.08637977217188997,-1.0853661304291584,4.734575072526886,-2.221493966329224,1.7884815064443824,3.974091680064223
-1.699596133216568,-0.218460140546342,0.29511785268332924,-2.019771122689844,-1.3520136575047015,3.8275461367038055
-0.9313546733946076,1.1955570607909003,-2.805815724123476,-0.19683701293886102,-4.5201714549851175,-1.031686494117946
-0.5248028991561329,0.2744479716007726,4.295890118897753,-2.2313963636385075,0.8472686655110757,2.8590306601978903
-1.0826594995623058,0.4857223597590741,4.311785495267962,-1.0515096689282228,0.05829694493991289,5.130988990322786
-4.262947273743264,2.117586954024685,-4.868940986284553,-0.8732223813623496,-1.7199366973587504,-0.4513634500657018
-2.8222529626862185,-0.4229216207356816,0.1911165458980434,-3.150553919107804,1.137528206857091,0.26194962055770554
-3.382208993022684,1.8731095229349446,1.9448355201629979,-2.002985748664949,2.3118517503283407,3.4999703272717806
-4.5057351269502,1.7474150504375316,-1.602291418661896,-0.5702792007583268,-1.2451241974663096,0.2738048090555525
-3.413731182450391,-1.1327259903509073,4.585260649933261,-3.768589726958298,0.40534710723282474,2.6884672205200797
-2.428294326539475,2.430014383269893,1.5048237405206135,-3.630988862645031,0.7992031210689108,5.064713113974164
-1.7718434633967535,-1.8631718214033062,-0.5821653325392789,-2.2713070907280315,-4.08664788245037,0.9057821713578251
-0.665630106494902,-2.3946540553094064,2.08879617649957,-0.2299467441536649,-0.7771313868216474,4.315718399615512
-1.000320180694274,-1.7788953816906634,1.5886847295952249,-2.568557033651313,-1.7869788608184738,1.8359563135814374
-1.2702784255460509,1.7705122064734553,-3.3147204119604075,-1.1480601271970825,-2.7160036748647824,-1.1740015623924138
-4.102414149456912,1.3978917599212464,4.539950686052476,-0.11409410473874271,-0.7751409024936062,3.1838647016931345
-0.1360181976428807,2.092378059586971,0.7023557625184579,-1.9280136225332374,-1.6822225309926675,1.4430090098858377
-3.153418878835253,1.601035862374646,-1.6851068357464865,-0.428593908172493,-4.085245177874696,-1.723743807480318
-4.69133083826511,-2.132054117709066,1.64069630078159,-0.8570887624413821,1.3142914142252344,4.87057030568349
-0.3164395352503915,-0.9811335885094259,5.314582051610607,-2.591293010768603,1.1410031456319563,0.27184492743639294
-3.978864707306731,-1.4421993164874392,-4.148363333226234,-1.8540993670984551,-3.4517888140224144,1.279470030520113
-4.183557267385906,0.7668571307741336,2.7507082711104123,-0.2464960148224149,-1.6654404007169394,5.2566596525164195
-2.587423631542679,0.8600134269362254,6.237676757722303,-4.190599519160527,-0.6335163631630829,2.3098813442499653
-3.5787985216667444,-2.038958408962797,-1.7392044274590508,1.8444562137931797,-0.34167083675122556,-0.9327731027664936
-0.5291777153515795,2.3783373604264932,3.146508728569218,-4.822389340042669,0.7487589127795342,0.5864495849930851
-3.8875810582459387,-1.6817839964572712,1.4515348833166641,-3.7528608151774523,-0.19578150843499742,1.0687232897152845
-3.9098427798987236,-2.191745709700315,-2.6677582399469872,-2.0129863306078284,-1.6257128478264788,-2.0699275910419863
-1.545914552534959,-2.3536604503487486,1.6642581465881994,-4.8483810854875475,-2.151380012059299,2.5211065611942582
-3.449695637543038,1.1632695381105895,4.676656756337726,-4.832259124289331,0.49173404614897676,2.55943228655309
-3.5437632079243464,0.11909457902638154,-4.50954868659863,-1.2892775095195497,-3.033312683425462,0.9813771881080187
-0.534401053350285,-2.2219271102200366,2.1645100022190444,-4.632973569631952,1.3893635907691912,6.143819601263737
-2.929158246756318,-0.9360454169704702,0.2637455856237134,-0.005546543578254237,-1.6336027388551373,2.3751604585054973
-4.578844830780142,-1.365035608427465,-1.9906297846307963,1.0794263506053743,-2.411133999142625,-2.053111372450034
-1.9478216673498174,2.10613879716964,5.130475393800588,-2.517825005912217,-1.0451572634771251,3.413654707740562
-1.1145180286460512,-0.528572087721173,0.6319458710582977,-2.9085621931396193,-1.864644940069438,4.338289194693324
-3.897731671478604,1.893880410303483,-4.912614522145043,0.882315685712749,-3.817863611684401,-2.079107196793627
-2.1422519107394016,-2.1930506055013987,3.307149433739214,-3.4537843602942493,-2.0106306222748915,1.7399402865690634
-0.9386022165029182,1.3752777256294326,6.036856538879713,-4.448406289511477,-1.6594039804574112,0.6762844948772646
-4.476962588777345,-0.12834918728526734,-3.0820566897375654,-1.9606922383804233,-3.8449672647822575,-0.4517587850542517
-1.1458547536431856,2.077981407487976,0.5488128002181185,-0.37553431942751025,-1.6164940648581971,2.484759023729441
-2.4105970971170927,-1.1847836616742324,2.520608006643422,-0.08047752119886198,0.05443761840612549,4.851342254715533
-0.6620842388101539,-0.2221551527084693,-1.7690099242882507,1.6877462845514675,-2.480898590368806,-1.759703843022532
-2.3026390824578096,0.43097431760471405,2.644391564396998,-1.4423817854276422,2.161338794876647,1.586421341272278
-3.481637524857346,1.6839181948240007,1.157444409772668,-2.1912733296199836,0.7990053381207924,6.119260180774173
-2.3404133705671764,-1.9153928287507478,-2.779418951242824,1.2124125491786448,-4.979329260747402,-1.948218539976914
-2.803168313121518,-0.09931420162630822,2.3245530508924195,-1.3750656144040434,0.3766691996151268,5.857909954519254
-0.9968723045592807,-2.3185136178716412,5.817564804834961,-0.2714953968106846,-0.8638089396815585,0.6426195695633902
-4.775268630641643,-0.46660212613756524,-4.002720706498252,2.076814668414464,-2.2208285138382116,0.3841083235500644
-2.433079627170388,-0.196677180390044,0.8786911954935496,-3.903552416010676,1.923306102297584,0.03975811489835558
-1.4792974192364747,-0.5657364740658044,4.483394252732617,-3.9202230746268434,2.2525674637405766,2.1731909118530477
-1.7529973556139433,-0.33146694465764126,-1.8158610418602406,1.7566121625465296,-3.076669985875359,1.526115006916414
-3.860532665480739,-0.9853758118600005,0.6396005409006277,-0.6183781295874358,-0.6310443553760148,0.30792262532137227
-0.7442174413352678,2.0888046710333983,5.419022390309196,-0.039899863126477086,-0.06475589878139631,0.8946550606013859
-2.8337537096610155,1.1559670302146543,-3.701676824849441,0.8963184079152455,-4.506663811816787,1.7098679310831226
-4.38478107063357,-1.8146883700641026,0.1675602611793249,-0.2146140879282763,1.8437338336995364,1.3420824715353639
-4.169489195317656,2.047210142607753,1.2553785139212648,-4.401450135560811,-0.31430110095235975,4.093130040177294
-2.4555211953267024,1.2549698798742264,-0.4024756100755511,-0.38170970968205165,-4.436890760633748,1.642702718030665
-1.1484101586198396,1.4388099812179074,0.6132985422730813,-0.20935714311107745,2.1927802876760385,5.748710338681869
-1.302089426315018,-1.7728457191567397,1.9718676018098602,-4.766032436559607,-0.6639694026306593,0.4096743733512876
-3.0512658237683348,2.0606888410863204,-2.3887819996697344,2.0188392540994125,-3.5853510101385537,1.9393690122907081
-2.0856333997568246,-0.9511673143329924,5.911973441404928,-3.199825225121831,0.9085663404066908,6.124231211663859
-3.023687443416777,2.0665162315325745,2.6403312034926123,-1.0654386568355183,2.3341865661189773,2.036302415477427
-1.4820504981357234,-0.22972202245282514,-0.655901191689513,-2.3922468173723903,-0.7847512156262659,1.093970582178314
-3.510649524251978,-1.3515207474307682,3.4904778661835465,-4.763906449908698,-1.8266237099228588,3.593619453243307
-2.4096699347927775,-0.8254286930521055,5.489197171245691,-2.0332201678480937,-1.992756838044492,1.4752671549433578
-3.6439323008080464,2.4990268260892776,-2.850545331985907,0.048011972254716095,-2.4503630505119305,0.6502576225296579
-0.8537354039160459,2.2717824557167887,3.396511006361039,-0.23373897367182117,-2.0173772135630577,2.0836864211349595
-2.078706339123774,-1.676154100277123,3.162642407298752,-3.770921176194177,1.5993454165691467,1.5367448669658186
-4.631502434034259,-1.184205640565974,-4.216890506196991,0.48077102288130513,-4.293139020410118,0.1896089048238232
-2.9330297114768697,-0.44614794407058156,4.5487343236359665,-1.5438556691578325,1.9756440077570483,0.11591857541575894
-3.0890537338316344,2.3899569231277464,1.2486394276191553,-4.553352130100329,-1.484147164369896,2.5052567897770226
-3.2309225172709737,-2.40384303700156,-0.3861148947353171,-0.745209022615253,-1.0808542519327347,-2.2436247492579104
-2.967587878758212,-0.4074534163789063,4.855087280217195,-3.510717904121159,-1.1702273298750487,4.485577874360014
-2.524390496650755,1.4186714956138644,6.173459078781687,-0.5949822542424776,1.0253120867263448,5.546554427422899
-3.2279430823025193,-2.4645644679328003,-0.6286336279922033,-0.6520383515357986,-3.169684998345581,1.864930228651268
-1.0814651336767245,0.8542490907606854,1.1010537847106778,-4.3467331960896445,1.6093224324096607,2.4228052657113333
-1.982194634195639,0.5121030367602257,1.3365412533458856,-3.1546690619469664,-1.8335053094856801,0.6724698302654889
-1.5783483005777939,-0.21354032357254527,-3.553291808570045,0.06631466672187125,-0.7323467944462703,-0.9988034933876522
-0.15524732870253644,0.24811429351309489,5.395402294504357,-3.0250815740720105,-1.3166516760399833,2.105402463320744
-0.22582652642086476,-2.3114064582618727,5.20211383606525,-1.7790032731991277,1.5249526619140328,3.6786276726755216
-4.142684454370838,-1.2011859193703578,-1.4868267504564936,0.37353425107551974,-2.597309085408069,1.1040777692424926
-2.597341566665077,-1.0476517854225635,5.137500020322924,-0.7649313282986272,-0.42067412730153686,2.3463874892093854
-0.9685532128292982,-1.9699173459414687,1.540093998084265,-0.022411563880997853,1.4218738075098298,1.076780786580459
-4.23869940680887,0.6445001589348687,-2.4378096444945943,-0.12098927783147229,-0.6043685836687418,0.8358814866270183
-3.5561621093732025,-2.1265342248004715,3.9045705565145075,-4.120940671545482,-0.65941665753477,0.019014382957918175
-4.974878304041252,0.6017590936911246,3.060625400153116,-0.42657200797016603,-2.145970129831822,0.8261344037355993
-4.913912190038471,1.4625967982174295,-2.9196637209182663,-1.9019316843191785,-2.5251862013783244,-1.1247031685328728
-2.3043578879048505,0.8265426066448507,4.663531549247563,-4.481801583419653,0.8920828103057463,3.5690260042174717
-0.16651807811018937,-2.2818822994385677,6.048075045527547,-0.5243178141582856,0.20770509662771008,5.040160768567138
-2.792679806694824,1.479612986027286,-0.9971131727732652,-0.7801019999436731,-4.022048681517887,-0.6110227035920852
-1.6418386734193318,0.6264526118704201,1.362540811727526,-3.985258293639065,-1.7478901272681164,4.9073226105170065
-3.6078967759148584,-0.2113589645145426,3.3869717404438133,-0.7696816006624658,-0.7709456499246614,0.504925189980815
-4.789407437997368,-1.7512434805281318,-1.7358012501487508,1.4377622683057916,-2.271690806108104,0.12304337501199791
-3.4867991159181284,0.9078888033524994,3.398048985309411,-3.02231722392299,-1.9256040335953322,2.2757798402355816
-4.205680812141523,-2.1537484606108332,2.481488035779568,-2.235555015682977,-0.5630303624146538,4.492414779499143
-2.094642447674068,0.4970220770522058,-3.3713919106956607,1.364684281521792,-3.927490924066231,0.48625670788500885
-3.4163327001205994,2.308199239574881,5.06433404005789,-4.740622444725423,2.0848376415632837,1.3616141523256047
-1.8167207461771055,-1.3804296419131512,5.2403692358306415,-3.9167333857085596,-1.0209576914279022,0.4572769743530138
-3.195562904839042,1.2541895474512015,-0.24833501258681112,2.3618742225274705,-4.978797369427804,-2.0303566916583877
-0.5960614261174584,1.5511832310102518,2.9729157439017455,-0.09986074294383762,-2.1110538523846465,0.7575982228382916
-4.681722642891456,1.3379193634070043,1.1052266382528284,-1.6523471571237769,-2.3835022684747393,0.5672967203441589
-0.5147207953979216,-0.4998437866544809,-3.144545130597292,0.06440247645187513,-3.7715384056790975,-0.1119906214784594
-2.344018017362328,-2.262985780886515,1.8454381840172582,-2.39166157342169,-1.950771753595855,5.275141622541601
-1.5294431510591453,-1.6388659836987896,3.3927209562021043,-4.800519252062163,-1.676841780818319,6.053625779861784
-4.995888264900748,1.319049735920939,-0.1275978860342547,0.7048363408613509,-3.718112019169617,-1.1330823286722547
-0.6375122372786048,1.011040023193333,1.4095322223650895,-2.8917070481404066,0.9513957043916155,6.128835980088615
-0.07980111296409831,-0.45885425111352074,3.9214908307058822,-2.1769710599292518,-0.44005755222194143,3.332914729275336
-4.116012568956698,-0.202428241784252,-1.5173378200410859,-1.9983827019910283,-0.7443711579480294,-0.3823310256996475
-2.020243263133537,-1.321909039529925,4.2167833808574136,-0.05944863803001166,-1.4660475539861983,6.27878613600376
-0.4918110376521936,-0.6416295144924251,5.400363148449187,-1.8269805676564577,-0.7873968300760448,3.1246796286308687
-1.7648348492631283,-2.238170531590637,-1.6557040530219946,1.2981738934999285,-0.8377165962558963,0.7788552172062686
-0.15318258853904432,-1.6708400729293271,2.73469479178806,-2.4395115558340716,-1.33021712998883,5.532856173191576
-1.918587190214863,0.5090740893385033,0.654876703529006,-4.5000643475268465,-0.2507178615912182,5.381987565768964
-3.5016793362256053,1.471642367373664,-4.048396268605072,-2.4246053030108334,-1.5146129196828584,-1.7227368754254324
-1.6200540578671858,0.10952766380796897,5.663741266168445,-2.1724535852684603,-1.1958162890930368,2.210745838818817
-4.961190366657453,-1.7230058355210542,0.5786653334839649,-4.141963233894544,-1.94269523709091,3.0722169961015844
-3.89999270995899,0.29564936289518107,-0.19900941804375738,1.0935273900367282,-1.8992458247569066,2.363110598857527
-4.753393266007451,-1.4520314431072663,2.6857734106586,-0.8214505522035234,1.5827842084300352,0.375381916812644
-2.0369628198368166,0.11360616335317753,2.559161672282846,-0.06655856461355647,1.784976331123647,1.2833862033320955
-0.36408176651942015,-0.6228074183691952,-3.5939836546797532,-1.415548061443797,-1.228109281038889,-1.756680458948579
-1.8938097517041248,-0.9630818515379946,2.747469127649838,-1.9440894813576488,-0.2371420702802256,3.126764821532935
-0.4051593462728684,-1.8569440153787398,3.6967843596648136,-1.9318820623906459,0.1052766000039771,1.9970210860656321
-2.1179263914718045,-1.3647576459069262,-3.888252061392676,2.2297540652590566,-3.084408106078273,0.6971641921335414
-2.7391844657379245,-2.489172082106197,1.3944179921910165,-2.825833825744273,0.10355567166002366,4.828373511029332
-2.3818374753442706,-0.3799343909759316,0.864139940883634,-1.0808145036067485,2.436206540618304,4.427392614627688
-3.1067313614735537,-0.8917773947979823,-3.0400293771523574,-1.3180234473957264,-0.9001534453637527,-0.5711746029469633
-2.451933851607593,-0.6069584299867348,3.460546396173115,-0.40765781163002135,-0.8941026904145639,0.18797516839016365
-3.557564286178559,1.5493857538631373,5.954796711379077,-3.3895586526986077,1.3257897438126092,2.3175700577820257
-1.9966829293185833,1.1829085516399616,-1.1916869090678488,1.6058902987847237,-2.8037949510319295,-2.1352780065782935
-3.061350825474518,1.2483670190610714,1.9642142862606287,-1.8276590887626059,1.5829311516924776,3.3616023286294063
-2.7398845636884928,2.381193693108287,4.232659564986463,-0.8184268924348528,-1.1835280063502247,3.2846209022796864
-0.18864511743759083,0.4876384313595752,-4.307564454013677,0.7322612438029354,-2.6647114376008862,1.1749538021607049
-0.7165411718168562,-0.18930062701967953,0.5736247357174609,-0.45195228909173135,1.6033366008789844,0.1383392404592761
-0.10822137877082039,1.3049295737948992,2.670010383512047,-2.7660396094354702,-0.16410588946471583,5.146437961685855
-1.1589465223685131,-2.4365839882333167,-1.9201556086887588,-1.54878025313129,-0.6275155001828681,-0.8717994452593154
-3.8007406507117363,-0.010115458146101375,1.1037583699276252,-2.549152822724652,0.7268344670499767,6.142983908565253
-1.7154519722661608,-0.8976030397130819,5.164560652288427,-2.6223906814250233,0.5578721361113779,2.8943314783237644
-0.11814602659436735,1.8433279768751545,-2.8396444876490716,-1.7852807304853102,-0.9692721108615704,0.23647461509554502
-2.940895929224225,-0.3693861786136452,1.3589677879561992,-2.6776331021714803,-0.26465906419605467,0.31632561402263853
-3.942535090655338,-0.9127589159862803,1.057025600297456,-0.41979864989999527,2.4993833392275002,0.6093705257350478
-3.1347546408896316,2.4924792030692595,-2.6816832029662585,0.4843955110573668,-1.4850423154620644,0.5926879601648247
-1.3760160480536312,1.9811072124844609,4.549545734714129,-4.016868719071134,-1.2040357195490536,5.323598972514464
-0.7528292387983964,1.3555894858040887,1.7248363872033854,-4.102915054218055,1.5720719639137002,2.8251048329657813
-3.370300015631355,2.373031737634813,-2.8058635802308753,0.24357226436101787,-2.588853577377725,0.9226656510267488
-0.5620085371002856,-0.5859070520939558,5.39185018972184,-3.1147838966500583,0.46969187990706374,2.5575203577569607
-3.9286131455311164,-0.04967563770299588,2.362963194882184,-4.5019440672412605,-1.4118623975056614,5.632716414661133
-2.9424740834943046,-0.6325808303427871,-4.865827279920819,-1.58001206014999,-2.0369213980110668,-0.2049342237555427
-4.1922541078118565,1.8748687790558733,2.6526188771067067,-3.3093157290219817,-1.8400516178467041,2.9484201940717134
-0.02059167768066672,-0.6920166289191954,0.9740887428906086,-4.854739610213808,-0.7402832096938716,3.318147755116506
-1.5252708069088938,-0.0067741966251899655,-0.8516381024049657,-1.0615388139891673,-3.4962666755999305,2.073792605651188
-0.3919242801876983,1.5500312930785602,0.7851255196778615,-3.076819318303881,0.5247604037624276,4.838775336597322
-2.1254979461325467,-2.4184808647632146,1.1908230409958245,-2.861209426036164,1.1435127955969304,1.3407405817761524
-0.27829443474816196,-1.415958826104572,-4.2810109743749996,-1.0252932819003187,-3.2328558861388554,-1.8746225625349366
-1.98409129653409,1.2666160078482336,0.5887348292014563,-3.310845757610659,1.241476253718413,5.702274851999052
-4.002184200270168,-1.4370087823471271,4.0926253588378385,-4.514464506068309,-0.44014872798776983,2.0162811441969777
-2.846427192326946,1.880169633904913,-3.8245834396763745,0.7621218864487855,-1.137778245299184,1.9221912251597937
-4.251527039151525,-2.347108653938827,0.9827857741341507,-4.786297869261366,1.7195723418319222,0.6021273499634924
-4.808483246929833,1.7033221557981628,1.7478436770428463,-0.6814059660157197,-2.1176364452320477,1.34765760432901
-3.7848744727938675,1.9676415683307198,-3.7637434594033854,-1.5089223548203679,-3.1118750352713005,0.21914478825662798
-3.030203145778661,-1.1616305834654312,4.785383517492237,-2.088092573892956,-1.440911827789183,4.934749024665035
-2.7456465445305933,-0.33721613191417443,0.7352744371858317,-1.398391756276347,-0.11171104396613529,5.839039752229362
-3.9114010835263526,-2.1066142173785436,-4.96655760129967,0.11677177047036391,-3.4870642219446797,1.2725757671747924
-2.1265404369575696,-0.6867151532294407,0.9055510859948213,-1.0286679711145124,0.2759789719202894,1.176449355844017
-0.4484860203287768,-0.2582645038550382,2.557328914890567,-0.7511809388799442,0.6635810322762614,5.03313184355623
-1.0181140792683037,-1.0011551263127527,-0.976928339082454,-0.5832534231994964,-0.31378681374282846,1.304265004396648
-0.2088717322351581,-0.5208806127673586,4.776717275987705,-1.3073970740535454,1.2625609090905288,2.7339602525682807
-3.688908224807914,-0.4337951257750925,2.140429376922571,-0.896329950569509,-0.6938667938584564,4.052441476041478
-0.7434700185013454,1.719851976193853,-3.7038078602111284,-2.3883550682358887,-0.6175762916058081,-0.9774838579808725
-1.80305498778681,1.3607629809619488,2.6640954078960584,-4.526257818405942,-2.0640147202786645,4.392150227527354
-4.548606178329774,-0.33879874208977334,1.8847020448312013,-3.318255604254662,-1.8120464766532618,4.105820596527921
-3.658072310216269,-2.2046294964727227,-2.9113691896637635,1.8306691375285515,-2.8264589475289497,2.066147293998343
-4.405825677017609,-0.29118126203728334,4.731851251267233,-4.8152401684770005,-1.3861948595090345,4.390671187157924
-0.9884763200533317,-1.0002955028121252,5.033644164608965,-3.215846681945923,0.6754070644414578,5.440574979529451
-2.2315914161149792,-1.96860453740143,-0.4302625052272785,-1.9363784229091863,-3.011974880958406,-0.14472127321397643
-3.4606919682722665,-1.7080644231120379,1.5162545487736172,-0.3297508336609063,2.4026512904817023,2.174198141837291
-1.7443637767828557,-2.0978165108247393,4.096696737164442,-0.6169813811153766,0.9711615997554408,0.6280328722069956
-3.943534808711428,-0.8587235766871026,-4.896891857283937,0.034455826400691336,-4.302145603676878,1.1992080325604197
-0.22281039384060009,2.2546757630712335,0.26160457221592487,-2.3628676711355445,2.3545646492074814,0.01364999427894046
-0.7147351677815177,-1.3978407448982433,0.2733157387030731,-1.9801234812051307,-1.5678870241557958,0.5850964720979515
-0.10794347768373846,0.5179333261709602,-3.2202643008724765,0.6814526397914804,-4.517986316054957,1.5271812463337682
-3.769063024965331,1.761716133445013,1.9662059559804692,-1.2734202208715786,2.2339738998199294,0.277105316017014
-1.9852254250367252,-2.0149417789970885,5.660234259895057,-3.0159105824259247,-2.3201352455897095,5.008808091324971
-1.668480899637423,-0.5322062369415959,-0.46729054880749854,-2.4355068037814993,-2.456121096404516,0.3879180624557672
-1.4153064921534502,-0.6734013864494863,1.993857820872794,-3.0231462618463794,0.036639979550320056,1.2183220085096986
-3.413762425552032,-0.5985553970836732,5.773539488722926,-3.1652371758783477,1.7404758168749943,4.66154422489518
-1.4287774103553708,1.8501679076873154,-2.3503765680599504,-0.27125044579466095,-1.1978900799658327,-1.055281789461369
-2.0709067844510507,2.345118331655315,5.668741678157868,-0.5340480568930301,0.044417644067102025,6.063083357884667
-4.934695186526616,0.3942048871717545,1.2194491530557392,-2.4979859428455917,-0.29198249708545054,5.625060508774742
-1.0431217322829518,0.37967157931364026,-2.023945763725228,0.32515767793821837,-0.8157359297649719,2.1859950593238526
-0.6041488232793064,-1.1119255592945687,3.940266491682677,-3.316037894313148,-1.9575585683949654,1.5367643740369519
-1.1768130703762392,2.391313181549937,5.382202483557678,-1.1785860940809862,1.5066549027412197,4.454400100278878
-1.1494422527606518,-0.21425657273762733,-2.239825460366589,-1.1358884477967446,-0.8061140859603633,-0.7485032209313147
-4.318260417337649,2.298161008728851,3.63850476945241,-1.0610374333716481,0.9724473974240659,6.01546757343897
-1.685711263641295,-1.077025254651276,2.8508131695847205,-4.060938528304234,1.7341548169101815,2.5597637106982023
-2.0913922417999933,2.165904921084576,-1.484095104110776,1.6709133832536365,-0.5616841346147561,1.2098762096622577
-1.4796665443240196,-1.088594351168024,5.9833768224911505,-0.4377778042951572,0.9118420229664159,3.1064904364028925
-3.4143128027765615,-0.5386631989996689,2.7493456570210184,-0.5974529657166352,-1.114474161889799,4.352471759639461
-0.16271194716255488,-1.903205789627398,-1.506101314994945,0.5882473723797803,-4.982089832580411,-0.4137905444171528
-0.7849365840058562,2.4852668209806135,2.766219260526348,-0.24168970292432856,2.1295479806013775,5.554028096001812
-0.8829736808556223,-1.502040701637708,0.5063087541826072,-4.529004910845044,-0.92893279549638,3.7009902483846147
-1.446430006696905,1.3394456766335807,-0.2525257590380525,-0.7391368383500252,-2.889206362637558,-1.5782994825991037
-2.4860167457306686,-2.0155628460615866,3.090364756410576,-0.6884489350063641,1.6567417409652583,2.4191149437029726
-2.312661044869511,0.5490024968765383,1.4124185123940272,-4.248708433476293,1.3198587924333562,5.085912017472181
-3.7460669838981597,-0.290755824628286,-0.4404670400786892,-1.0516625396898993,-2.2881067129726023,-0.7671078254973622
-3.1879107470536883,-1.7941706864151135,3.3974272385183317,-2.5014299520633116,-0.6955902864086883,5.431246806703028
-4.610354026325075,-0.4119099199552596,3.1537693863831273,-2.165795025565025,0.604526696763501,3.925712117961034
-1.3089795444506058,-2.0602339159898966,-2.4755561287615553,0.23713240101431765,-2.6532495803240197,-2.3054805107946175
-0.45685919636181715,-0.4254958335433967,2.866056654112519,-0.10274254138957595,2.4405926393974244,0.5375255407483343
-0.1428731674056296,1.1740436113948212,0.010989018270218722,-1.585590129198184,-0.9385553381340017,5.620351842086411
-4.694910716048552,1.4212119774477379,-1.0676806844827853,-0.09376821401633606,-2.798453716684276,-0.914369037404601
-2.050648076658561,1.4958914637865055,6.030221247492707,-0.06667645511415365,2.344395394150043,2.9437087651214666
-4.930106986655444,-0.991585781471314,4.608112099065917,-4.363164352324652,2.184519381440876,4.890112319283693
-2.5976080459490736,0.4940498565335161,-2.1259821856781054,0.17259566181380182,-3.8799555668898167,0.663081580216045
-4.903460459096564,-1.9426776046072987,0.630580262088117,-1.0477763973817051,-1.9182467566929717,5.005413486315492
-3.4025891462481725,2.2765421438102855,2.857314349667644,-3.631401671546893,1.0660006628534018,4.355921161280992
-0.2668683336921518,-1.3392388471328986,-1.8663513018219398,1.4448022327521364,-2.2637935758802534,-0.830176176428084
-0.8128297571186183,-0.982885783270055,4.860307326248409,-3.4822432232720684,-1.5395812524192358,3.337031966336973
-4.056070780984146,0.39298200302511344,5.028748144589074,-1.8724557564438133,0.15283000876455732,2.8925789984095984
-2.8330763030369717,1.3053901899964133,-0.4178671195579786,0.5639473843486313,-0.6578032084921237,-2.0204435600573927
-1.677043550690605,-2.200317205576642,5.0961080427256675,-1.3804984509555949,-2.039991441014506,0.4372346673773881
-3.6245266335710484,1.7064527241256577,2.2224435291097593,-1.0227878534416441,-2.4433144703256438,2.284648863712821
-2.1907865086654916,-0.8869243214474247,-3.8256218335916525,0.3350827924069977,-3.5475357574970587,0.9981885743561518
-2.5889917078235634,-1.052530475846027,4.146249880086611,-0.33078816620394136,-0.5918938662710971,1.4744752888827903
-2.796636034354579,-0.7902518512838708,1.4962747268773733,-2.7725244755592815,-0.9716514635949391,0.2100418744849431
-2.330651368970942,0.897791498587754,-1.0091878143970674,1.492777874110959,-2.4485567984060337,2.042725515499032
-0.473989557563395,1.7142495390429993,2.3391748469171656,-0.20965737813306262,1.8164047515252681,4.923826907420415
-2.8422583915493425,-0.8845184052606077,3.22072844541909,-2.1011945781789643,-0.06652363605007672,4.351189838706484
-2.501038325696264,0.7700420566259014,-0.7091640519905795,2.2784215194156454,-2.3449626954936873,2.082932549877701
-2.06964170792735,2.3422822590937535,4.834009598121373,-0.559822606407554,-1.3803409139242313,3.7611862384225794
-2.638010159572598,1.1677296531923202,3.895037788953378,-1.893290121994342,0.7438276271637778,6.2268983047732975
-4.685240189675121,-0.037676929805398274,-3.949609701234608,1.9427476788211182,-2.963802385705385,-2.1264152525361153
-0.25865243001299465,0.21603903511257005,5.574482826996861,-1.2833652324498743,1.374965117607414,3.598422734525451
-0.9757341308532643,0.9653724999221298,1.0482211341804897,-2.1409782463093574,0.2819012532258238,4.195942778599038
-4.924034969037703,1.5059789840801585,-3.665304659498509,0.024376591673656467,-4.1817706482729635,-1.5851952661687674
-4.329298226793171,-1.5462944833385972,0.5192338481648582,-3.459787564015872,1.0469492803878664,0.8139099898983476
-4.806587452764149,-2.37337060801364,1.6189081480927061,-3.993281711779018,-1.470391362503508,3.514551508808862
-1.970355529865302,1.0571170096441507,-3.017422453614925,1.050670960094588,-0.13768708373468996,1.807881866493637
-4.012901429860991,-0.5641346942452556,2.2192822694193732,-2.8657071817540074,2.1321266219048427,3.933620637216124
-2.978459503114141,1.4076166741004883,3.8053825113630726,-1.1539820979545814,1.9165072893147839,1.3290100281248187
-1.9124431274611182,-0.35883727826940204,-2.201394425764447,2.1831799028789813,-2.226474039682044,-1.9424718383511625
-4.332249448303251,-0.6740669682237599,5.791613779673137,-1.5991699320070163,2.100815992826016,0.968099069530906
-3.898158176277428,2.3710075675654574,4.081108355364486,-3.1326117233970803,-2.351585803718387,3.0752027903775416
-3.563313157068568,0.6095086896802777,-2.7173171863208774,2.076629132338703,-0.1667678208235912,0.8281049395602853
-0.15979661964413694,-0.2945442355176606,2.5915083596567157,-1.6959865102531224,-1.5924879790588493,5.953096035444956
-0.8147599096835378,0.26828777899979617,3.416262344860986,-0.7794110036404698,1.0123718374024322,1.548494209771212
-4.873276612673873,0.65185119778095,-2.4995939426728153,-1.7264409517153796,-4.031229008718249,-1.5545486645259188
-4.109283074822263,1.7149284956373236,1.7433692031129575,-4.301226517510818,-1.1215042741694636,4.645944696763247
-4.721815339583044,-1.119759678312107,3.878573194446899,-2.7620564603709887,-0.6556814378959901,5.336976883169286
-1.5813184221396974,1.297372591545499,-3.0047558174077214,-1.2179362554657391,-0.852914974264794,-0.6321013333572689
-2.063366611629902,1.9151870997226572,4.256606493111943,-4.082355023243102,1.9475632918305728,5.5303860131155895
-3.523774764724311,2.3312398784927293,5.234477386407344,-2.8395839924068698,-2.0395851410176666,3.78300191746555
-3.1785599168721412,1.369923498010892,-0.9726880848013103,0.24721275139671262,-3.0451202904214005,-1.0478059153208708
-1.1223100917890023,2.1867758839498848,4.1419141439038825,-2.2954211236584374,0.03202627004395442,6.086470579470278
-4.534861914922683,2.3282005044010354,2.274261485176826,-1.4560377591130869,2.0695969938435175,3.1995673575234824
-2.252852711664853,-0.8590977421578732,-1.1577893851732346,-0.64558832079687,-4.888786908000372,-1.0854435698585845
-4.449432593700332,2.2746912090800997,1.0303049682958993,-0.021220231890501928,-0.24562048042986495,5.742361944170618
-4.331189844067503,0.030517978005012658,6.144234623387177,-4.002595178769532,-1.6282758432619708,0.38375792761362454
-2.5602627187978415,-1.9004788268464545,-1.8033457358930223,-0.4809845320806656,-3.1004370286487335,-1.4356276336330154
-1.3909131176216376,2.05095339380113,6.0800610216399535,-4.572953980364339,-1.560456764810756,3.4498460869857506
-2.471733860290308,-1.22868196479277,6.178900061365492,-1.425006974826784,0.4943756607942449,3.488533862934724
-3.1175360631035605,1.17836724303994,-4.13393767045558,-0.6430743795999827,-4.664688730364808,1.632874061591382
-3.6043099663318525,1.0917549954871353,1.1122569954376342,-4.305945299883153,2.002221192674021,4.6040284359719355
-3.1934247271053575,-0.8284745424600826,5.830882766301359,-1.0830386179074307,-2.308498461398666,2.4087773498074667
-1.663970430618929,-0.24027563113601547,-2.1778795711031314,-0.6612646002828364,-0.8746526400699656,1.322911087317444
-2.2158934182080543,-0.9584907396811864,2.200672674063512,-3.5080993334420074,2.279930533348896,3.5237638028184244
-4.892575522548598,-0.5868169193733597,5.918175601055002,-1.762439620279053,-1.3301915860055902,4.827983671610376
-2.2364146829052514,0.227595492462616,-0.5368171685165701,0.1199286633310277,-0.9935259926418261,-1.3012421671759222
-3.1388857448971317,-2.3849598597574095,6.2810973925796665,-2.0792865909160696,-0.762501840857488,3.0036020007538453
-0.5904701719111776,1.9502039359189665,5.55832010532491,-2.2675314158918294,0.12382389745273992,3.2925331086133798
-3.5524009797261775,-2.222053235585693,-2.9367936374401253,1.1861522200107357,-3.7290285415739617,-0.940065341410512
-0.24914662112178387,2.017498535677084,0.9524364978802845,-1.368787501565766,1.1231570872723524,0.618421965267535
-0.6631382063716469,-2.4769660169215357,0.201848567446493,-3.128811576783323,-0.7016425813657345,0.9701916477675495
-0.7836781685369842,-1.3152716876023973,-0.14626195214560433,-0.20642766343159913,-3.4740399002325346,-1.8431886719472224
-1.734842539312992,-1.0954469312896782,4.429761095006536,-0.7765204798341667,0.961471343507831,3.701588671081499
-4.597713905662712,0.6364022168575554,2.248215067530551,-4.430285691766525,-1.9128381437348274,0.1836272891756985
-1.6512570083848792,1.8123779425922475,-0.977430414635026,0.42301340167017853,-4.327428350934886,0.16101042521900366
-2.4190236495145925,-0.5980010190566616,0.34634776447438,-2.3644285180176885,0.2610483665640122,2.889503289618829
-4.8006183547102985,0.4123754769447885,0.7176827453513789,-1.0134000262065204,0.09907865535836846,5.564188114502301
-4.072117186675687,1.6536797884889198,-4.365509083730327,-1.4920008790319956,-1.7421883401562503,-0.31590188241648054
-2.8066908940208557,-0.2572257815258898,1.0705679209869194,-2.6860451390750057,-1.6752980868801814,5.393279237750966
-0.9640545207143898,-2.387464412936011,4.238572019417478,-2.2862942943292586,1.14748216740113,5.211947275348985
-3.9920133927731243,1.6898158966869143,-4.989608358599219,-0.1272570651227687,-4.976117731561523,-0.07369959790497838
-0.5470042627137408,-2.356071594939966,5.32903018348777,-2.026551034005296,-1.4464122253968081,2.8410494860384925
-3.442295453163049,1.3677720843456553,3.3983951419245475,-0.7570719150498499,0.2903755684195639,3.0252728581748096
-2.8780137194247377,0.9412638477015047,-0.8980773540642317,2.432963024562219,-2.7132692829122456,-0.3986748132043223
-2.4661301214079847,0.6714970099910382,2.165672826745027,-2.4701092494895747,-0.2597857475291261,4.5576249570796845
-0.45264477518399726,2.2983090226434646,0.35278249743975915,-4.376371049706004,2.228294463533204,6.029911103765161
-4.60420495253902,-1.8424569658873657,-3.568108139603243,1.564258899639091,-1.7969346648552391,0.9665103584913783
-3.3858559575584484,-2.0000773571680157,0.8771881322034495,-0.9343382613721065,-1.901580490589863,5.022073962846083
-1.0531284380726786,0.8288505859247213,2.8082110948621017,-4.333110013025479,0.1018685821102161,2.6014090237196705
-3.9965703401716883,2.2720621116013398,-3.916269105504857,-1.2753204302783523,-3.5735344840841203,-0.21214278863517144
-1.7204962356717841,-0.5230375330032007,4.831100112321433,-0.14183320270976374,2.475785361875804,0.1848324348430037
-3.9163464717618335,2.3983285857204315,3.8505744673942615,-0.8352515409352517,-2.1853622452738097,1.7795006554400743
-3.6257259260863863,2.0774001844908945,-3.50828500567368,-0.5130869325126042,-3.2130356638561874,1.1305787596077521
-2.232309132398637,0.6497652538080074,2.2292825826790694,-0.8319537383625448,2.2047535056674743,0.848671387701892
-4.909206427765895,1.9406618747281783,5.117528926904685,-3.064813791286611,-0.8588620945939769,1.4191282798721465
-4.798612614392452,-1.7599180950342168,-3.6055123457099563,1.3489212532796118,-2.456979790837867,-1.913756045393424
-0.014143264285081614,-0.32145300839636226,0.7773196525982997,-0.22256438684097013,-1.085294526425475,1.0473923928332458
-3.8712487976041348,2.38579421686587,2.9693962464310184,-2.42685838647811,-0.43498567570892277,1.1742256391594217
-3.241055417669206,0.9305750172137022,-0.9576910831225505,1.541873636096021,-4.59683510873136,0.08080798914074139
-3.1588363411809195,-2.1230814856302156,4.556369869338944,-4.214444384689951,-0.7156028846314932,5.929139974450257
-0.550521796557411,-2.0868511265720855,1.3645916264118607,-2.0646666722657803,2.1293082993610115,3.1968143171867665
-4.41587122492057,0.05057140541157912,-0.7442529787622448,2.1570843288116084,-4.435823909925148,-0.27374617780753585
-1.8745310777891024,-0.8052697830044175,2.5884974364040656,-2.6522451895711585,-1.7385352242222718,5.875680435922827
-2.5832954208232657,1.9791319079592071,1.755832640139278,-4.5762635627098325,2.3169675628434785,1.8062946183171984
-1.1249979129594212,-0.5355331879846836,-4.321312156935854,0.9875410226106851,-2.720346598333126,0.5587630165660782
-1.0211734187830745,2.3787523235419865,5.55562758211646,-3.446872030944781,-0.28113335650492344,1.7701274838752676
-2.1986372601165116,-0.03380334810112107,0.14537437897818922,-3.8385787030296594,0.11923884284318964,2.3785658252060444
-2.4012100689085414,1.7254635623777883,-2.5885790474305925,-0.2604475436132532,-0.16720852362396343,-1.419317281147524
-0.40051199623508094,1.7258628303414074,3.6946426885376615,-2.7817429685094615,-0.5992166310541902,5.386855722508828
-4.632663961041852,1.1483554569052883,1.5819621452718295,-0.9112981685399193,2.334306334604433,0.35115909303935366
-1.7371272893254341,-1.7289487760967055,-1.1312358243875904,0.6057388706599043,-4.548885720979306,-1.0035052012732582
-4.85894681827592,0.09258642297987718,5.809791954153851,-3.099908021462605,0.9441373412533749,2.331665018180946
-2.0662778378842046,0.27887322251015645,0.4550905698099347,-1.0884579061606652,-1.9435701081006735,5.108676014045801
-3.9367081177221026,1.8358671995341478,-2.7043574002940662,-1.9096050789254808,-3.1474254078777153,-0.06986207930122745
-0.4289624764854274,1.5712859720951968,2.6856661739476158,-0.18215021384192287,-0.2988291158700713,1.9222066576412964
-4.672032812365528,0.15259348395349814,4.453024389216433,-4.051825100896068,-1.1428478472262171,0.5852973257444899
-1.4550729812194751,0.3807035332202586,-2.3329859676359703,-1.5388372992682013,-0.8384074827421389,1.4824643743504469
-2.276187996385564,0.7598998730942541,4.54776485756186,-4.369472800922255,1.4750007291158012,2.3170622112891706
-2.135725860593667,0.09490259741315032,5.565676856966883,-1.6781421087717363,2.3955342770522856,0.07690720015376531
-2.696989069469149,0.4114309418416804,-1.1574995484746942,0.8535333543742114,-0.5459844653975215,2.053421761404886
-1.589786030367775,-2.242346355654639,5.758772442319511,-0.2033429738819601,0.7149771428638618,2.0017183540704253
-2.1183727414992988,1.518508646488267,1.051594609395268,-0.6906466470646793,-0.9815464816102177,2.8757634299371233
-2.164556100233667,0.9485091167552735,-4.821821455270843,-2.061372176473564,-2.4439716055920506,-0.756078344574616
-3.564973563679656,-0.3743397653598155,2.6892877961428034,-0.5002825690531605,1.429486863073981,0.5010237817944304
-2.8378423025132147,0.3803763576004693,4.958266017152474,-3.2997089966338358,-1.155546241697361,3.4067845116237505
-4.0176778511754145,0.9955992271922987,-1.457490408615899,0.7918408974191617,-1.9074463443403782,-1.096783313592452
-3.0895050366933514,1.5864918321661436,1.7775911089193637,-4.970539037559112,-1.83557807889186,3.334082798543642
-0.5320946559867039,2.412965159500037,6.273122506653546,-1.9812485631824934,-2.0176704570316155,0.8867016033904757
-0.9792748258934686,1.6174068787091986,-1.7829085082568246,-1.1473733609610048,-0.5889934549548942,0.7767133059699565
-0.31721195015787984,-0.3284517545832406,5.397863392030037,-1.909967327494131,1.5470166364766156,1.788287397673008
-3.215290317272962,2.254572704372495,1.9836445533804898,-4.226223571101696,1.8936604059381335,3.5424794527712966
-4.375071312938361,-1.5522080822810147,-3.3445972045048222,0.9842968898518794,-4.8001860720696845,-1.9737104555582319
-3.118076498964402,-1.7541053327060414,3.3364696013058452,-3.5417895747698216,-1.8550155162670745,3.1762109460110977
-1.33103804011373,2.220164877708725,5.5375175201242275,-0.728169510023438,1.412764546617859,4.2255263236411995
-0.8036057742961916,-1.6170125453885493,-2.315201405605371,1.205981318319835,-1.1983154820914983,-1.1182749922567559
-1.4510833533600627,2.1880199848191086,1.7435187413880477,-0.6136964242505449,-1.88324171575377,5.320106289373565
-2.003092448675269,-1.5318051563902801,5.001270038855312,-4.196258617039045,2.320590718369962,5.804032169876733
-4.492346862626824,0.5167605620127524,-4.827740514557687,-0.16901114757508173,-4.4975319546162495,1.9618465605467348
-1.3129471550403964,1.5117887966258579,5.9020330069359055,-1.8263338479534204,-2.0922087262603952,2.2030799130798617
-3.4683803810421274,2.1868948816447773,5.243978437247652,-2.7510060079538117,-0.13140499857850152,4.915277207105162
-2.2489112657398405,0.8445496144108859,-4.7346882507149495,-1.654971230026379,-0.6803525150798428,0.15101908512348272
-1.1402651206976429,-1.8320147203650472,1.0657769685002385,-4.384085504083786,2.1807827606947603,4.1525473140242894
-2.718584760218414,1.1040222748395974,5.011311690212434,-1.0168067625766426,-1.9625309273855085,1.5384760499094638
-2.515444026378545,0.4664948437326655,-1.4668433570767359,-0.9492684048275231,-4.936158857495499,2.401518796048106
-3.427132274998958,2.1795188523019746,4.039582888615173,-0.4433547790271257,-1.2352568007151665,1.017059513423929
-2.9299311325076665,1.8906200395652943,5.60426082737768,-0.34404980958004483,1.0796249072349267,0.41710217977894476
-3.9228187949777165,-2.2035720618618533,-1.9978564193319792,-2.2146848120308986,-0.5227462627642471,-1.9281537223172718
-3.4752355783258477,-1.8407289201902333,3.7560785962171908,-0.30465937127909104,-0.2567924462005342,1.815724926388984
-0.09715407202428583,0.20656434725869977,4.0070879252211995,-2.967557517678903,0.00600410871863577,1.3221876660835212
-4.161745557892861,1.22378379079638,-1.5399479653680437,2.3117112966535815,-2.481569047989795,-1.6079729144823773
-0.08367883739320714,-1.3855449644739426,4.196435106544494,-2.347326424354824,1.388037800428314,2.7018335777470157
-1.4450743149618428,2.4038060450332424,2.2344717364155557,-2.6652541014050786,-1.0911135070050664,6.09991531339121
-1.4482151949005155,1.1871349563343396,-1.5190981506138879,-1.4193279725604042,-4.978406926823541,-2.250573972435018
-4.86499217050148,-1.6096924677562026,6.069212578829495,-2.26331893966274,0.4596805758696112,2.7245310409530865
-3.1528882852249662,1.0707196400781642,1.8736097256654685,-4.999976993815039,0.93804425126614,3.6251710373722923
-4.749554762818758,2.1587281129001266,-0.7104622659222593,-0.51078075388939,-4.509261557781489,-0.48810863654372394
-3.298303143728074,-1.3360280414607761,2.213828155385308,-2.7702951498684536,-2.3894580963976972,4.088843048817461
-3.673245252983728,0.1866772579435576,3.4734860355258115,-0.05028201956425704,-1.9926146005475913,1.9042026504274525
-0.8529295917391422,-1.4335939789641128,-1.21692598870446,1.4623528604404,-1.886785513325312,-1.3818234634176174
-4.038762601067542,0.5132317927021885,1.3426270660458766,-0.13647785315202743,0.38199759320578464,3.154136204200281
-0.35467824006468796,1.574539829901708,2.250388134264507,-2.9273270494083232,2.3295472952382976,0.9074766322241413
-0.23368667088809802,-2.4107288608657944,-1.9431328983067764,-1.7063185096855538,-4.974831653314763,-2.038875065615457
-4.599072115140901,-0.03681959112238076,6.032217781006849,-3.867973165259497,-1.6390666065663373,5.227858166453348
-4.1563858604270205,0.7839819859817281,4.086373152511634,-1.776070325444636,0.2514472743288607,2.6375531437191384
-1.4529862353195515,0.9231732057216502,-4.833522558926689,2.2538949447171817,-0.763367997278041,-1.0555451641565305
-3.409561693341612,-2.4922241071653013,2.5368432383580077,-3.79412586277281,2.3464453420792104,3.4440055718418794
-3.773700066398129,-1.6832095279426074,2.4192884258309855,-0.977969989910485,0.5143439969851848,0.7941531699994597
-3.629467496112675,1.4879531001946917,-1.3467149875717543,-1.0816444499155964,-3.9326997192381006,-0.8478807112134961
-0.8432996078897155,0.12746726285643328,0.5243309743519604,-1.7288079506425835,-2.182369699660487,4.064243828408013
-3.3485161917658477,-1.7729611034891446,3.153732290109629,-2.880519003566788,-0.8330029956974749,0.4498834759584613
-1.756412035430663,0.2630608844667277,-4.022753764820079,0.21669846131436632,-1.4306439815299616,2.197549744639474
-4.024343712717933,1.7794160086222073,4.681597723728288,-1.6564688247718524,0.9164633576096963,3.779852606752861
-2.676884355629552,-0.46562383779179406,4.388317772675128,-3.8860517962619605,2.2616992433070013,3.826361800840875
-2.3454064559030883,1.9110398467870189,-1.9464047660331247,0.5195564912571853,-2.207064643277548,0.8310914735050927
-1.9635777001237131,0.7940967498798273,1.3517607760366097,-4.6539036806717515,-1.2886402107325168,0.3930859926128155
-2.5628876074101226,0.4280944827407196,5.624838596124991,-4.602911993033868,-2.1379631312299328,4.2344031414398735
-1.7142414932449617,-0.8308971040549946,-0.9770286419479607,-1.3273107996596871,-0.7227676092705593,0.04608616391763176
-4.814619354563462,1.3311932982530559,2.7124116926604644,-0.4729129509325851,-0.8047389378097425,3.53608772301186
-4.8455412364790975,-1.2793849628359006,2.4673763879071124,-3.0782181070226273,-0.7396366671410166,0.20907208095538526
-4.507491160809468,1.8535489953766104,-3.021396752799573,-1.3247288395525687,-1.0034964937426234,-0.7985360833888411
-4.657040158316007,-1.7927439760561485,2.516457519996921,-3.392596196187068,1.1003618581988928,4.639938327687281
-3.543943646340458,1.113166139331188,4.824046874239799,-0.02515945349516535,-0.38030925321369047,0.814599432699571
-0.19125681432116626,-1.2821994595315411,-2.968745815071582,0.37133385815097775,-0.6219668609041479,-0.4065516656842987
-1.08510308021006,-1.029247930514798,3.631417047812091,-0.8818270797993559,0.3287807981701536,0.49934106904953185
-4.926090860923552,1.478189663549137,3.6587810189518555,-3.0861108835638773,-0.5409985831880038,3.454269554612048
-2.5575307961407914,-1.7153574922548058,-4.576074255231084,1.9392771185005744,-0.3146595824379739,0.3728769025830103
-3.624015986387312,-0.14891187002252515,2.0249952353293352,-2.190347778412522,0.8077405368421853,3.8294245463010648
-3.136001091650299,-1.7538329680102165,3.2289539451105393,-1.7704409323951475,2.350925596027695,1.3473086035389348
-4.577771796056394,0.9108443057274753,-4.433907695505332,-0.8224646796337272,-0.4619547237514543,-2.277745049244741
-3.8700643252385563,1.230495564367244,1.9905692014953524,-3.3970630378098496,1.8175724768564905,1.9045968623327794
-3.3346431029905514,0.3949668264651023,1.9239171025420336,-4.190919408423739,0.4069343415641109,0.26055808566342287
-3.79041316561063,-0.3725521321286074,-2.4467469526950203,0.09796813848383978,-0.26181180275933913,0.6088885784636773
-3.289159143500711,-1.5035328995026065,2.7919209561250886,-2.734952465626109,-0.609481953141543,4.563012541599359
-1.5092625006488083,-2.2649616140484974,1.440062005379793,-2.332349535465692,1.5860968019786403,0.3803828307528566
-4.9684687598108,-1.7228648267705993,-1.3335655181682453,-1.4001282978926843,-1.971970867138832,2.2200134718865066
-0.7508549007671048,-1.5136710616026627,2.7026383266841756,-1.585785000973257,-0.05159659252026216,2.7049097045095696
-2.3207783819361567,1.137056987079343,5.094762250278891,-2.988421474278786,1.6869030840710533,5.733865478367799
-3.802626181178954,0.6411367041927778,-2.641477049857794,-0.41950606612982,-1.5569290247636702,-0.7819646970624405
-4.921444032189958,0.18200240118501476,3.047708949251039,-1.0604795855313114,1.263009785818893,2.069196963293238
-1.4364427627210552,1.4424909883109738,0.8233319912011,-1.9752413691206465,0.5692498348402304,5.199943801069675
-4.293345439935114,-2.010173548554711,-3.4393546463660134,1.616461983568886,-0.5635443243659177,0.11356885604374867
-0.7358474081259061,2.1431644396564424,2.6150744996717563,-3.1150696180540542,-0.9931473069311125,3.8678600480647662
-1.3922759981761694,1.0133330049054252,3.7745577136711472,-3.8412967257347135,-2.2009386372703883,4.345678237607066
-1.934903826358405,2.3168893857748962,-2.424495257650759,1.2508733623764505,-2.0067658547706326,1.5395004282410856
-1.113911456794611,0.198268777704953,4.928567337631681,-1.646663020312766,1.525103427646135,5.759557287746947
-4.816506847059938,1.5104912767600283,1.7172416626155906,-3.902557629125827,-1.7893632200057297,5.299689324071586
-3.830857686739667,0.09824199919245302,-0.19734096008140967,0.2638157612977161,-4.090490167130312,-0.12713615784197785
-4.064951183446386,0.8233461812296117,1.3753039128400784,-2.001632870264559,0.5789630354138389,1.570471101015717
-1.5889617810094925,1.7760698813799767,3.8544889533366242,-2.3370700482511686,2.3330116393561475,4.994543298886759
-2.7377200152522696,2.208290522121392,-0.9668472817414014,-1.240765916105568,-0.14170198450167426,1.6679979768806996
-0.8431147691287437,0.4050306415770981,4.9563224797940695,-0.08746274619158712,-0.7507641925246573,0.5992061974310167
-1.6566743376460162,-1.0733601644156705,5.9355303935025265,-1.8117466043324755,-0.3058620394588152,3.969180387163552
-4.559705248099593,-1.8760685186942823,-3.0665064710849252,1.100824761317238,-0.5652205027403523,1.434064830332598
-4.511192057702549,-2.174533316960794,0.36881048963222257,-4.434996206470484,2.329057933972348,4.890370099765132
-4.5933154187822804,-0.9872228871483473,0.08935256508148103,-0.999494263628316,0.11299551332765301,0.28062749405297377
-3.0975120542610126,1.8983758910188957,-0.7091194898580183,-1.423861852424933,-0.7426864475968886,1.4328903779343287
-1.2450060829676683,-0.47581705448537104,5.512308783053568,-4.245860048003905,2.1521558702970314,2.5698841340612963
-2.085757679601918,1.1200962406788335,0.33698179443581905,-0.7259697360956521,-1.37934108517968,3.1322136702455006
-0.15614216965629368,2.440808169478215,-3.287403412573206,-0.9281167622789832,-1.2376505983525505,-1.7060425499557867
-3.399828508628051,1.3578555352302417,1.313323886719743,-2.740169442052056,0.787370891090343,2.2783420779174506
-3.863052163875158,1.1763153499775698,5.18537853801867,-0.10653481350510674,0.3696829720543784,6.081239415881197
-3.4365129355086714,2.244018507254049,-1.388901125507468,1.2698676817787318,-2.9690175781566754,-1.784434895062118
-4.075278412265185,2.472426910658686,3.505067361854379,-0.5307860703485092,-1.4544548540578073,6.227754827854655
-2.592763552984554,-0.22576191090053932,4.812572728345438,-3.678452552418108,-0.6143950925781061,4.985308111783336
-0.5861506221669854,-0.5978007748177361,-4.085715210180476,0.6123246890485112,-4.456202104532612,-0.9248640814448028
-1.380691125309697,1.35299497074165,6.250190140385676,-1.4316555174247698,1.3386556007816504,2.8751216356226625
-0.636911091628912,2.471911558322028,6.218280731804649,-2.2069861045059946,1.5505257304163047,2.3691723474537234
-1.9682124206597584,0.20034947923446778,-1.0919639546965172,-0.555212781679354,-3.6385312705294908,1.3062195842769642
-3.741841853626182,-0.25113580883764186,5.978373859454299,-1.905185464071903,-0.2060579937592033,5.372791916786161
-4.95251297533099,-2.1541834753787468,0.19254079763845247,-1.5875148857013874,-0.8826365568369727,1.1121461597403273
-2.267455371793083,1.539187594336485,-0.25518568869997094,-0.3089492114805199,-2.625747025166809,-2.3747380275709435
-2.082209376728865,1.3051996887074644,2.0332417175793496,-0.6360033997213046,-2.3791246242776953,0.5421315146258393
-3.6811458345954744,2.2646606760737757,0.6806231543519916,-3.877248593562164,-0.489811704550831,4.7759174571143586
-4.312263838060701,1.5520490108586396,-4.826661165401183,-0.024268919235838737,-3.6817192797513263,-2.0923151017020385
-4.019617006553723,1.6228620475349746,3.7712236789802938,-0.06011979774084519,-1.319352953771532,5.856116884374286
-3.240470109197223,0.13754676054378656,2.308217293932088,-4.57929692398957,-0.9313927661069172,0.0019564550957256203
-1.5096514278663213,-1.6982255582288612,-3.601580604824201,-1.1561068787229827,-4.071278434298314,-0.15273796465422063
-4.668359305486035,2.0384999293110537,0.9787448710088364,-4.1280829841363325,-2.050458434661204,2.827952061453589
-3.083180533724275,-1.2800990214891645,3.706990781245978,-3.0940628557668335,1.559265960689471,1.8555505376338663
-1.7615636253393836,-0.7535999424878819,-1.572415514993435,0.9601284303791555,-4.928808705062625,0.782551355991226
-3.9014112807769807,1.8587365056755987,2.095789574516256,-4.899047790925049,1.4013644924720752,5.6754730282939825
-4.330158159681623,0.030905416998920465,0.14296424877818276,-2.4048174361851222,0.8133973017680534,3.3698290676974576
-4.861556319162413,-1.6299503986585369,-4.288595678736471,-0.8509566056749152,-3.082018372908235,2.0419889332955474
-4.930132914040531,-0.9571389183541745,0.5325307188442197,-4.999735724181676,0.8356374843778678,3.373067996108287
-0.27002524515963167,0.34253802842133974,4.877064737897271,-0.2922348373092394,-2.102933022315536,3.328513064788357
-2.1386447129520834,-1.307584353856159,-2.128000645537456,-0.8440585836658925,-4.9777709775254655,2.086072815489729
-3.6376576186286087,-0.07393417791507151,2.2150284524100967,-0.05684642655247796,-1.0072754662672234,0.0665449106950043
-2.7919677953486284,-0.15571395845446157,5.188469499710703,-2.5507234237078706,0.4919189977214322,3.799129795902153
-4.456680727231007,2.4862713474659364,-0.4925148264363488,1.9381234311246809,-4.174261308763854,-1.9199078801802394
-0.6802372783487591,-1.7777847985612256,5.986323437058299,-2.8105239536249966,-2.443536488174092,1.6983447084234387
-2.8914771184910215,-0.7321405326586061,1.160394217231943,-0.34399238914273944,0.7125242834905494,1.3439798545736221
-3.1792987114904445,-2.042747898754491,-2.609989940841702,-2.077531989875325,-1.4610298243170754,1.183191205755429
-2.439931049477117,1.1073658149468213,5.390956584743415,-1.023448842223849,1.183036521247705,2.2997595924471277
-0.6315999074166969,1.9569741633534843,5.069615832653043,-4.600919869056719,-0.930683076362206,2.8320278556075382
-1.6199177879459277,-1.0495844213953416,-3.371739390246443,0.7706572330847368,-3.2965665748146895,-1.279641090799415
-1.786683545074728,-2.082978611028883,2.361181923875906,-3.7223889480507077,-0.47742961912500226,5.812401620468334
-4.911088601315529,-1.5875450650331264,1.2884919212456765,-3.8068090118725944,-0.21747658895073307,2.964704966965509
-4.228826202727227,0.5862093197508034,-3.9720163051420743,-1.7087898031533304,-1.05531348887271,-2.062279305878356
-3.432616517385274,1.2518313343085068,3.9502697529432558,-1.557246397281478,-1.833039733724131,5.746529002148039
-2.1169193792149574,2.2125688737232316,5.237691045979812,-4.45627459692056,0.8086958472246675,5.589218630761142
-4.583371252389582,1.952762378228929,-3.120083732711463,-1.0842745557120614,-0.7936824683484511,-2.085219921593306
-3.082354761685488,-0.05489489052577046,3.4217138367907394,-4.735781791855477,2.34005758779469,1.7272228233807105
-3.211990086016507,1.5766701143230293,2.5234936258626726,-1.7789686745962503,-0.06750847566926632,3.1262792340327468
-4.4759555566967055,1.5072343433708992,-1.089453585009175,2.418403367225517,-2.460715720349727,-0.8590772162231386
-3.0375676252430424,-0.0595419220001685,2.726722120313429,-4.5374237482320945,1.4507802547801014,4.609478079894326
-1.507652062623575,-1.2780243596711154,0.13906467166060435,-0.04964216150582601,-2.0709275824920175,2.4410337477786124
-1.2497974886335317,2.374114119949696,-0.9043827805455296,-0.9059674142045648,-0.26326644328175663,0.5546666935887594
-0.7730175267496966,-1.082239258705739,5.246151821502603,-3.782261984072155,0.963215412227914,2.33874278650388
-0.9617615120863574,-0.3651706266423367,2.082248942736599,-0.018675290889508922,0.5664923962284796,3.3493492600712966
-0.3255785522040455,-1.0432612280599352,-3.1164724598696196,-2.133083880571574,-0.128624286893122,-1.304087309816817
-3.899999707142924,-2.2300179721704465,4.680836899677867,-3.6519581702728625,-1.1586400819984821,0.30107666239969516
-3.8771810801398274,2.163815801672346,2.1339715594922453,-1.1938076520186995,-1.4583575072843147,0.39638210711069416
-3.808159801393579,1.0057065618697107,-0.46852818179678457,-2.014316595400265,-3.510177434793534,2.229571048531371
-2.6409847176440437,2.453544094716765,5.671084424968038,-1.6440203390818002,-0.793442193572037,4.235101249146675
-0.05892599722472536,0.3213542211364917,4.319121968582306,-2.4068105361443064,-0.5772506793983818,3.9180646476225225
-0.707425826295196,2.3717248824581407,-4.550940442649891,-2.3927802315956503,-1.8857585336295295,0.33535868974915184
-2.1603657126401057,-0.5562286458212324,6.066526754526762,-1.4897369027364968,-0.7124943152693879,2.7530284585077562
-0.39133833712030786,0.576843626983119,6.061062612697359,-3.2280260951422752,0.584013680241739,5.061938307530081
-1.258343882766153,-1.1188907783724185,-3.413352635024923,-2.325589621846995,-2.066765533272154,0.34646100731309204
-1.5711360343156637,2.3547644704040716,5.21030456469791,-4.620847887716842,-0.8882675904219632,2.8884014555778537
-2.7492696824156075,-1.5061515411704807,3.3520114669961325,-3.0412996898801117,-1.2685605632995822,1.8211673613443797
-4.101527096745997,-0.723864250095837,-1.7049161106907156,1.904132558959053,-4.440442580475065,2.1919237072522053
-1.827453718743575,2.293746126785435,3.5774424183397375,-3.5418872853712835,-0.6689208220624203,2.5700531764635217
-0.6597301960523758,2.358787378407463,5.045097000750911,-4.990801911344586,0.7391756673256245,2.005142991353802
-0.4025835711035469,0.14593545408393682,-0.46047223499022905,-0.9869048193464041,-0.20362186970407592,0.3556895686352233
-3.4778236741640898,0.6819284497307789,4.757251035633417,-3.1857547040944203,0.6972167304359465,6.220381352147706
-2.535191681753199,0.729466688973619,1.1857201525955876,-3.805794331577779,1.6644784255600227,4.104230048794806
-0.9186852247685928,2.460084174249989,-0.5329771394321958,1.981429805362855,-0.26966346505827354,2.0951025928751292
-4.158569874937281,0.27418951594712127,1.027883449673331,-3.5697590979112777,-0.7708543270645425,4.580538046597211
-0.2850104068362356,-1.6219886360862295,5.359614372683214,-0.9270653575477317,0.5227327547052396,1.4897648112026596
-3.4438985033811402,-1.9086831761287821,-2.8704626824551553,2.3413572736611874,-3.6181635181325427,2.0109053802540604
-1.4321834164078333,0.10037767147548848,3.0759304886452323,-4.0702018561536795,0.8478494672893548,1.5210468317228831
-1.5809981709175376,-0.7737299367018551,2.4618429537954385,-2.2053022862550464,2.3932423269855256,2.284436577859199
-4.125035801923843,-2.2016245341225598,-0.023154219972409962,-2.4360780511723314,-4.869520135998879,0.8605528125678381
-4.647351707226574,1.2230836203310105,2.4808667866274443,-1.1513706217663717,0.8719063107006231,0.2258975197865464
-0.0823379856689721,1.6145526379852306,0.8053014971159352,-2.0837100722855624,1.4688598469993677,2.346791730848148
-1.7547011228822291,2.4022640340028074,-2.6511932828260756,0.7270741354129688,-2.842066760674088,0.14917648223783164
-3.5406378944078973,-1.8742901822476759,1.4070996895089851,-3.4777077260922438,-2.2548560279606455,3.3565771155023896
-0.28277204880358475,-1.131056925500988,0.38618530345816926,-1.6744653687381135,1.1331134676328243,1.0864312965970593
-4.87526469693755,-0.1360285186294612,-3.86480503783788,0.8991181236943824,-2.94042618189812,1.157633108462997
-3.694526761351718,-1.3936383005813602,3.8225750626632298,-3.1437531432924755,2.312303979171441,2.7404751040178077
-2.590200845597778,-0.013716450949852188,3.1300361324934265,-1.116988365431721,2.1186272530731998,2.817513446614592
-0.16353930869537459,0.6310577213269153,-4.192645812810673,-1.4056691625293916,-0.7091374147305451,-1.3345503287711606
-0.7364450166630165,-2.2717928151717026,5.1992634181130555,-1.973321379760287,1.995518872750469,3.2330356315384874
-1.063976620404214,-0.13925269486323044,2.2537299663587245,-2.525833743480618,-0.8331464485242908,1.493893345181171
-2.834212500086872,1.883396527236731,-1.6380609306209926,0.7239736595930664,-2.3763076005317214,1.6548269573361765
-2.455917733466829,-1.0519798522760948,4.326168604308741,-0.9148290600541413,0.793594294017332,1.2969188942005219
-3.0826201659390042,-1.8880736725659997,4.352391956619084,-2.8058679718336696,-1.9529691215005203,1.6318536535636818
-2.8385282835033636,1.9729508337923694,-4.344067516828455,0.1837200336032141,-3.271415060532879,1.4140275579985961
-0.3929946931601931,1.9269676943204708,2.663108985030128,-3.415302646185908,-0.7279741914084488,3.0437547050135505
-1.1887763004535934,-2.4041279434521154,0.9154732241929697,-4.235605607279817,-0.2712847924513371,3.862444156720807
-2.8684235903311937,-0.3165459825730954,-3.0565107446217246,-0.1388413103966819,-4.446236109534638,2.4266021442639207
-4.438782962432807,0.365889434420672,1.0415399814413893,-0.6893731625605612,2.088025796268295,0.65253379661268
-3.663653053457166,1.0563629160933221,3.813637012782833,-1.7610520001303258,0.04105672932709137,2.8833384488188
-4.44551790014706,-0.18012703887710746,-1.6123153360043607,2.150175984407616,-1.2997986294531243,0.8249504235979748
-2.4224395733376767,2.1633216204945533,3.1207052035479332,-4.989810733276433,-1.7915737528158515,1.107282874565449
-2.2104098230796634,-0.544699241210302,0.42386813084430097,-2.87859230969116,1.304862159082056,4.316168125409244
-3.152372515890259,1.6275198387178103,-0.8375901287969267,-1.2379670805465093,-0.6186222544706083,1.1299525395816028
-1.8987818517605701,2.0774033907734637,1.9849395631987983,-4.491331076549733,-1.2608762573053545,2.732364643911997
-1.9777247741293449,-2.0154057387606223,6.116055759372245,-0.2905664172917195,0.8074846942858915,1.2687145699550781
-4.284506170240858,2.1905761231403336,-2.5515782929703663,1.0561928594067393,-0.09330050535971635,1.470419560500431
-0.7450979220224045,1.6548927111068243,2.2403773181805415,-0.23388675560577887,0.637139416261828,0.90462494680655
-4.966918673076103,0.6893894880779747,5.896771395180809,-1.1388819208210927,-1.2683737685799612,3.4362957592259296
-3.0549305047876896,-0.8487997585437697,-0.6189804725850151,0.18611542016983496,-1.7004696893316913,1.6283912244609713
-3.739633482322637,-0.3261271106089625,1.7495786981476436,-4.3190066714591415,0.10164166542222919,6.158067510713589
-4.153712147862757,0.03773869154829468,1.1686375683852557,-3.7841608927346364,1.996249891053096,1.4455072741270811
-1.9562574285266543,-0.5859372330217705,-2.8718405690726936,1.959667911193578,-0.6252307665973106,1.2282338131342918
-0.005778468662649416,-1.4284822859493511,5.881853916403849,-4.9250281418785065,0.3576713238180189,0.6389925537172761
-3.200960840486988,-0.5083963583731821,5.152212110433302,-0.06914101337530543,1.6047666393698377,1.528650101930686
-1.6752400088279495,-0.4685679325109895,-0.9124519414287846,0.3904689843169038,-0.5734492432439015,0.8802463291360945
-0.39439388207520665,-0.30225586683025885,2.5187040087556576,-3.8200343194679762,0.8483149482991568,5.363183083580252
-3.4277412844136492,-0.2238140953628669,1.536572415466005,-1.3323491329063502,-1.8565178163315994,6.066345613281896
-3.1605545703047677,-0.9112295750170174,-0.3542260148171128,0.07405312284831922,-3.050232253950396,-2.370659551016085
-1.146385329279159,1.8742912555121336,0.6551316880470842,-4.607926883406485,0.8597674589474886,0.9333030366164496
-3.474940479052746,-0.5347193157638297,4.528131284509745,-1.4360337907575031,-1.5395053500929161,2.4842814251278287
-3.412766232116433,0.25998414661307656,-3.947778205729407,-2.12915705190101,-0.3268993729731401,-0.8876294365968496
-2.3207456743389514,0.8777069725855746,0.21557987690858285,-1.2238290560636629,-1.9494714139901292,5.723142974427629
-2.528606594033944,-0.04540999675503743,3.734538118610047,-1.1028206828482414,2.232423513189973,0.10542156587878249
-3.819956704871089,2.113064884156625,-2.574815622087984,-1.489376983997703,-3.1960404162059834,2.131223244243171
-4.5656806552996985,-0.8159314988072102,2.4028828577905954,-2.124714558646405,1.9734791263885976,3.877244746298919
-2.0368623865427837,-2.3150864225640024,4.889425958543559,-3.60085125587394,-1.2315448532828843,5.744649927541018
-3.3244175338085915,-0.49451135642476896,-1.5395477733312064,2.3622844421074527,-3.148366525001669,-2.1944620192391895
-0.4697492699337227,0.4487356871554016,2.406632505452718,-2.6770212795834087,1.1774975026692927,3.459386101252279
-1.1148031968078298,-0.8487193122326164,5.5102564041366335,-0.20411398439068051,-2.136058161127163,4.4747085940838325
-3.679222182158932,-1.0488667931021944,-1.9883212757971096,-2.2988408758268535,-4.673010964084427,-2.3881423578626517
-3.1307985855383302,1.643664866127363,1.6186746246701966,-3.3545655610803236,-0.5503863622156575,4.616138897051942
-3.6807495457899235,1.8847033146357592,4.278323352103974,-0.8305635965820768,-0.21685079181772204,0.689421474587846
-1.5231594087654083,0.05953428525958193,-0.32319951847522455,-0.5258602192934596,-0.42499585473133095,-0.4389572250166345
-4.2189462954269095,1.1353597877570505,1.5919124651481662,-3.5745025824135004,-1.8392264355651677,0.18842117976701497
-2.3715732035167147,-1.3875197669892274,4.937889118107438,-0.2296874855188662,-0.1573442552369526,2.242480506729334
-0.05816531738315589,1.3768522057949255,-4.997950400188074,-2.2102369589252846,-2.8300392264259546,0.08189138135193375
-1.2015774567079673,-1.6204768629259492,4.103482224097028,-2.9206429035280745,0.9578094811958202,2.335887026261367
-4.518747747772496,-1.2301389595686874,3.1658829024506603,-2.3278035833509376,-1.190411401883142,3.4942781268375986
-1.578693129410036,2.1609495499454896,-2.4851167606534545,1.025772218012274,-1.6572382686644187,-1.2714533432669644
-2.7948609006044856,-1.9097761326599338,2.678579897041751,-4.895283406992836,-0.7245151506262726,4.414454772660488
-3.7939051712989293,-1.930609027813139,5.18706760206866,-2.570582941989551,1.3932077242005931,2.6323450821162213
-3.951937102416216,0.43248878891598874,-3.2866712459584835,-0.7561848283299566,-4.576861124140248,0.8062860352786156
-2.562222035424113,-1.8699506731637172,4.313555976984567,-0.9912202345496262,-0.8843204172567538,2.6435509326949673
-2.0045314978057274,-0.6590570062835139,2.0050278952946248,-1.9885098430458243,-0.4579241130438598,4.9554510344080445
-1.6510029512426234,-1.49827511834747,-4.791652107931433,1.5211630874993407,-1.7952488371966595,1.4051499960017226
-4.64617747409956,-0.12339711454800728,0.22035749642048966,-0.5656755105370044,1.4387483571798048,5.787461606129942
-3.91078413961772,2.1953825825959887,6.267536317376644,-1.6659628984198327,0.24375428982377167,4.359012432069081
-4.145917653320476,-1.2380350876099055,-1.9958574231671893,-0.1936946865717304,-0.7215443381873854,-0.2980126059339634
-3.2978370203905283,1.456902026021487,0.5374410394916099,-2.4414869055984574,-1.7338314792440712,2.0274078527287203
-0.11022179882130789,2.143839529629589,6.15170523914164,-0.8906182555841307,0.07007304843530893,0.3689806859049566
-2.396441360592802,0.723689992046272,-0.27193814691875484,0.5769251943516518,-0.9594235529487277,-0.29775643106717364
-4.984979276537718,-1.9721760680438387,4.462974232901363,-3.887526251043041,-2.3538996479755254,2.392741644378838
-2.593875958032934,-1.4728164200452454,5.359753718152842,-2.208155501363112,2.1568633562303248,5.541737308241291
-1.462818741182141,1.5387529217112768,-4.105063001536834,1.2638941094409581,-4.714306046183073,-0.5545496558233536
-3.0985429019794224,-2.382246126666029,1.964765124912314,-0.3299013284194716,-0.414825139479464,0.8052517782175761
-0.5796267296322544,-0.028152759737034128,3.7559264210945744,-2.15634341243008,1.7392797681648569,6.0853543582205125
-1.8912294917550698,-2.2268885620973613,-4.864846005605469,-0.4866585115909956,-0.5671541271384506,1.7943694495389657
-0.8834210583346289,0.35061495502233875,3.879141691495465,-3.2568090118764657,2.4926389103365887,1.5482077961153429
-4.660368738603595,1.9665253872681268,0.6816293386024598,-3.129553408816684,-0.4297134678330661,0.24872082287100794
-2.1594766669130063,-1.1309119961467262,-3.9109840929222766,-1.3514899518958394,-4.408445678376917,-0.9193421258809809
-4.338099708725032,-2.0619432713737296,2.509661676007446,-0.5229688515036637,-1.444463066645452,1.7456622080624102
-2.806553087155229,1.325878552132414,1.0921708769503973,-2.7729924870086236,1.5304629934979106,5.548838106164365
-0.14895137840792994,-0.8969054759615891,-4.750937086654616,1.7972397177779262,-3.0375495686894567,-1.2133095744195028
-0.2951140127206999,1.8200535497749435,5.460470923168881,-1.3244197572988754,-1.2543131833161503,3.6730918570009363
-4.430531098580568,-0.2396854529793373,5.62274708048832,-4.01848416769285,0.5532965991165648,0.4808540461450582
-0.39669525701429953,2.357850909923277,-4.895753531883521,1.4701140037335465,-4.595019280888311,2.496687405661614
-2.83086455766403,1.532008018307672,2.5856147766050097,-4.948912728167597,0.9545519906904687,2.157355985888352
-2.0850495083903677,2.4707759786807495,3.2125716882459776,-2.2753525592320583,-0.6605699599809045,4.403549169107529
-1.0877496160625233,0.21988334312322522,-0.6611682006995034,-2.3657379683575623,-4.960916493576642,1.8960441057507706
-3.0687695235827745,-1.0933745274900797,3.6657390305741484,-4.654892510975005,1.8803256749837232,1.6611629241117214
-4.287322394707072,-2.4054001395125804,6.089602736662828,-0.4753177663343138,-1.6628708096702294,6.173294124984788
-2.968506215291838,2.4350632539898536,-2.0667434446436572,0.3646311498417427,-2.6496257017153955,1.7030991467535168
-2.065388854999903,1.4051655814502304,5.479689442387321,-1.0516329013891834,0.7839372117241923,4.018933981829438
-4.981087079762542,0.3638244404704647,2.572655919299039,-3.0980455604239436,-2.0003231709530658,5.291803665882984
-3.4875971237929058,0.7880328342404881,-3.168372826560017,-0.683881637858802,-3.252247905605844,0.627675012842237
-3.4350150048357038,-1.3210417550976365,0.6507760664824134,-2.2609461387649565,1.611567089281996,3.5125361705212335
-2.0633797515334984,-0.7703217917976746,4.892951432691809,-4.170634773370773,-1.1765978666370058,0.04276410034690624
-4.388200691786625,1.9218864844892147,-3.5361513769354525,-0.6976822032281538,-0.05420256500947629,0.020289267564961744
-2.9089789680208855,-1.673477232260891,4.458578309097054,-4.772206116803892,1.6015638378854007,0.9584829163770755
-1.142071052837375,2.2794189593023875,6.069185543064613,-1.5208498833774127,-1.4404473363412156,5.535180845046572
-1.68123534982547,0.8821253642228726,-4.2954364505516835,1.302748917401599,-1.1170236912830622,-1.6800745662931138
-4.474809083708185,-1.4065696270106387,1.268824868259374,-1.9313882976837342,-0.3155102439575197,5.088937754738143
-2.7160884065007695,2.4071100228932503,0.5420227632040387,-2.524798143961914,-1.0174420509688675,3.7687546127923124
-4.4709018712417485,-0.9811042011539812,-3.338598437925999,-0.9217026914301707,-3.7838243042974984,0.9893375128257897
-4.353892205455245,2.474773361370934,1.6233915906688456,-1.090048397190916,2.181872998784314,3.966120401362219
-4.516981596634766,-0.41666208537194205,3.019111367112377,-0.3910676515323388,-2.4183757482456745,0.9403190996458465
-3.479409090375487,1.1098811100471533,-4.588275200217573,-0.8914252514297483,-0.2125797560507231,1.9371288844007264
-2.9440084011060943,0.49055737903903607,2.6281382134624893,-4.108092341547793,-1.6616968035977213,4.258796331702679
-2.772842559587119,-0.23567072877106865,0.2908263859516294,-4.301050736140006,1.8900817813565167,4.358627170743696
-2.117112471001363,0.2825814563675384,-4.8730821894292715,-0.5095587781786415,-3.5461381492998925,-2.375438107185942
-1.7550663984005266,-2.092305876102566,3.4508767659206723,-0.2886136883286845,0.6796630270965069,1.1001059038837337
-3.817089744994366,-0.922770658041034,3.5610978700150886,-1.6262745017490667,-0.4120514790524399,4.213700822283419
-1.9336292618390383,0.379702140805132,-3.5312971483241036,-0.03424441475186413,-2.7829455621360237,0.7127013406547889
-0.5907673447188859,0.6309494972845302,2.167290174793021,-1.2432146575898524,-0.658391081348038,0.6146083020980879
-4.836034798572074,0.24362222974852177,4.621116268015711,-4.987710919432878,-0.24519564515172965,3.963249552836827
-4.598313295341519,1.8354229069060048,-2.060809345125498,-2.2884894294745566,-0.7021698333545889,-0.2980704868215889
-4.618070405410729,1.1062439752499387,3.4441465426146216,-2.9205209314612945,-2.007289532990772,5.707096088899129
-3.1595090024106027,-1.5014435111061342,1.0335663987312553,-3.5889484620428385,-1.5822673129194413,0.015406490322410454
-1.1978265654011615,0.8068346850250196,-4.377543643511968,2.218176448264442,-0.0196908133078455,0.14746554247870902
-0.5267317042499711,1.1260797992253768,5.102984961930236,-4.195328524333731,0.6428710137734455,5.264832599950652
-0.8487606488317008,2.440611611848704,1.7157726592515412,-4.133978579652295,-2.3232325348761904,5.145068445142221
-1.4411182350422869,1.3117010465169643,-3.3320925351524706,-0.4128471287139197,-0.9332579571840621,0.16210445790464645
-1.1585671793964698,0.41346523841983096,1.491148874527992,-4.45877862083821,0.8270936980701671,1.919123501661001
-3.9128227977066308,0.7483681184621953,4.8518112125209445,-4.31220699551416,0.9517066851332681,6.2810355324116225
-0.7008732009400404,-1.8045306532328493,-4.531035730647318,-0.13528633775832644,-4.550272714526298,-1.0747670581389213
-4.656028769357442,0.8578799899387972,0.14118415719667415,-2.2552215749050593,-1.9693696897755926,0.14999522735435536
-0.09600836764992327,1.876441473048529,3.2226344600627765,-2.9716498161526514,-2.2234998202288647,4.945306035428928
-1.3973475513042928,-1.4209473433499875,-0.8099246800542487,0.5978250266604759,-0.25415031366261276,0.39766643270287405
-1.6355884685603317,-0.25931211260991827,1.4464354384347675,-2.325342015509758,-2.0362153780120047,3.112514203561019
-3.469318199536429,-1.6868464245460646,1.8406548482624938,-4.622775633024653,1.8272945451130491,1.7438230333344384
-0.3403973771932356,2.0476661398332343,-4.279070805032048,2.090891596422656,-1.4470911084700822,2.1458545871733286
-4.788811140424144,-2.143417752466566,0.8567622784127166,-0.20620449046344813,-1.9916886336654511,1.1245819148938971
-3.848683208173951,1.7703080519002583,2.135180494268904,-3.4502066196265986,1.143619948296144,0.20641568823905138
-0.4407194143954535,1.3619230790565355,-3.030918724774109,-1.5312456580640232,-1.006062168934212,0.8436314650370571
-2.273323631769928,-0.8316382221576597,5.771504421078845,-1.820174707318802,-1.5704787021530864,5.598490368978872
-3.3826244041250204,-2.2263668144175464,4.23215836782069,-2.028071253542261,-0.20729868495403592,3.113172237783654
-3.697116103117396,-0.40436391539290995,-3.1549413008258895,1.4553565017499515,-2.2206627509832026,1.067124911651459
-2.8870850673931425,-0.1491846309838345,3.444611061709348,-1.7688715058770916,-0.9802330309465286,2.816125607582475
-4.785646715887441,-0.37672869999139547,1.8754268923495014,-1.3193770759529366,-1.8270284533509729,3.217799519689789
-1.2599209576487103,0.11211801143206346,-2.650695713080136,1.8214380676146664,-1.5888222564244563,1.8908756925644132
-4.688668714611021,-1.1786175359159645,0.14019290784083924,-1.3425444612164315,-1.3625961902126664,5.408045498299326
-1.3334535657799371,0.2198486453097166,1.6373758261475198,-3.34989718255591,2.107184358803014,3.5084021114177384
-3.7674547395988305,-1.6580097061752426,-1.4239999385028124,0.8022725447417471,-3.947285613941327,0.5462744088047602
-0.8257767194476893,1.809980323752563,1.507298884335649,-4.5784436157783635,2.3128190776960524,0.04537753734274545
-3.5844370152444704,2.04954345695056,5.858384407509166,-1.6684131488930918,-0.02201966211874451,4.1207638353706235
-1.7548593889074953,1.3583985232774767,-0.3366200369244826,1.8644158535559772,-2.818541902933494,2.2985920333444714
-4.056764806796417,-0.8589482507148105,5.041532544802708,-2.228569743728447,-0.8034065540778146,4.981378588912451
-0.819121430127355,0.04547608885305898,4.081293979271349,-4.589435902005415,-0.09936981065189254,1.9684823778273965
-0.08659990581609489,2.114674638144706,-0.5456145064205664,-0.809591206627724,-3.101804465842661,1.412704111475645
-2.4296804660378735,1.2212818501475358,0.22988670948487722,-2.7077445921249836,-0.7281604217070592,0.5871264913445647
-1.201675742504583,-2.4285780699908206,5.976737214104439,-3.233052589227621,-2.2291081865325326,5.802202050622068
-2.177641084472963,-2.119097112031159,-0.48493255877121055,2.1402036812749827,-1.7385673858764745,-1.720115741873876
-0.11342464055016155,-0.10177802741760766,5.918026403017785,-1.3646485404466793,1.8591686741986964,5.240428467325447
-1.804544912268888,-2.2590820908115443,3.7267703056597172,-4.493680717727867,1.6392853858086225,1.8967809752318152
-2.16561665653547,1.9960036501513914,-1.0153150129917865,0.159572674785053,-1.57010084694708,-0.2731147041884343
-2.8704531187116955,-1.5641371976539946,3.0513373777972457,-2.6291711457159406,-1.4699927774474024,3.3032631796928067
-4.902559495840675,-0.6721229838554954,1.6142555766124422,-1.4035369302200582,-0.5816537267719153,5.610240939466179
-1.0753246667554073,-1.558066714712697,-2.969910590030117,-2.454862624592738,-4.410084260869756,-2.2373544652245703
-4.3164052990632324,-0.10552206554620636,2.2978465478376777,-1.77917934910763,-1.0578159141462358,3.615687986554181
-3.8243064396018234,0.7610900671697318,2.162247669432645,-1.7668931709002966,-2.073741267357991,5.728800702076405
-0.3056529931382357,-0.11057091243665829,-3.433919203044489,1.8826925716922975,-4.717294559189405,-1.8068752284908673
-2.5729632177403494,-0.96479940903428,2.4277498885730173,-1.8532107489414837,-0.5948157379270069,4.401280582867191
-4.80324515307358,-1.4279712816612822,1.2876189944477798,-0.9468729135564233,-1.611674539099489,0.5856278130629082
-1.9972773931303816,2.0043368813933817,-3.333934242531261,-0.7625598185404192,-2.2814729329821057,0.06822097148805994
-1.3922237913046782,0.49674027634887663,0.4966025457501771,-4.463985429610526,1.892549458623078,0.6034345744466733
-2.771784330344263,2.173149217542501,0.37419113071660176,-0.5164109592011119,-1.4223315649095325,3.425818046350252
-3.3800444945152592,0.10224377234229998,-4.424380562571873,-1.0528545696174174,-3.320839960028761,1.786031434111158
-1.1359397945893446,-0.960945914181941,5.3268087164205165,-2.5089734191984627,2.134497128737947,0.969160372308225
-0.9053591601082447,-1.256171692142135,1.1475592741926415,-3.995234774235073,2.226741074309727,3.5925126219296524
-4.379889804529034,-0.9905208934126863,-4.454354503112937,-0.24606540635191276,-3.5921642612054523,-1.0799277797869788
-2.882569043297663,1.9285045231250244,2.8259429331215435,-2.912038114036414,0.5360058218603738,0.7184611186752929
-2.3851558103147115,-0.24268240996555956,0.054068356208571,-2.818437899233751,0.44722233898749764,3.2582746994285703
-0.6212829365440509,-2.446471907961036,-2.5887675028587553,-0.7069359094724437,-2.2838202128073712,0.40515079005317567
-3.6842330362227433,0.5513256370530688,2.265649795145346,-2.284587071246487,1.5312681906110583,4.626074342147097
-2.1125746357294926,-1.836065857760042,2.218874381704983,-1.1127629665899823,-1.4076354512101936,4.594909386720374
-1.1758323914023106,0.8635383026654675,-1.6739160970777534,2.341957155142506,-0.47009884999991924,0.907165271607064
-0.8536706472935132,-1.0454722433065018,1.4360488360767105,-2.100034226747029,1.86748876124887,4.3230904636009315
-2.836488377869471,-0.832564571107467,0.6332855622196538,-3.8395009850078505,1.8953727998511,6.0790108899666855
-2.7947168685660193,-0.2355899473012797,-2.4290673981530295,2.0811976012315565,-3.341061169376387,-1.3456536575420293
-2.1097272940829574,0.8664024865513009,5.6199015817737745,-3.820282025788054,2.4181541429961904,3.6030599704298654
-4.388918804906999,-2.207059951946288,3.481213565969093,-4.720236245629142,0.707006264121465,5.707364527689995
-4.38665363100378,-0.3915143077097083,-4.239563291835922,0.15814389190398703,-0.717785898635136,0.8310095795809991
-2.3595094750699985,1.1370516064881233,4.777799216975687,-3.4370379808820015,-0.01293202994423126,1.9295103691981574
-2.053145420875468,-0.3504579856087844,6.150266752377615,-2.610251905586851,-0.9357368701353947,4.559396019054265
-1.3656759933504015,-0.5893967780945386,-0.7606374235429891,-1.7590709785455934,-0.774166973963169,1.410815575019695
-1.505678773771172,-0.045217193781699194,4.188245051715747,-1.056327288328014,2.0131577444919637,4.298938573207029
-3.222350190329364,-0.03966608977879105,5.659649966530915,-4.033049608333278,1.7508716212464064,2.9351857605495093
-2.2792920590148213,-0.07113770300379896,-3.6144835376618984,-0.48152639005910114,-3.81986601236344,-1.0308621298093574
-2.4662532994287916,1.5768269998529405,1.6517769365680306,-0.707322518253565,2.4708395923050652,3.8653574481911126
-3.0439600769035318,0.4149952316630028,5.733232227811327,-2.570120964135261,-0.8916229546828243,6.064420826979485
-4.8750495981562665,1.245999866220239,-0.06622417089493349,1.5109455014687283,-4.812700189018892,1.339708345161093
-1.3472231300788957,-2.238337623973106,1.7076730609552058,-1.433311829424654,2.1457981695855057,2.755621412065384
-3.157493248451772,1.0825991737735823,4.529213100850253,-3.207265273152121,0.4307828248897314,1.8504547928323938
-3.2712582488835733,-0.7759006160519155,-4.439165142861967,0.4636544740945556,-0.5010368580928631,-2.497130500719165
-0.5369737014051559,-0.357582872316049,1.8039064957772726,-1.2673854846067294,0.7159621425253118,0.3609663665917505
-2.7124034216688937,0.46848750418027274,1.8392530571232917,-1.7887370574635102,-0.7498254123873687,2.2166847453138514
-0.36019069066733134,0.9046413520211303,-0.9099407561940287,0.6277318222469042,-1.7544815838919843,-0.11039263081532891
-4.28788610494561,2.209195862393262,1.1665922111573683,-4.758311689490153,-0.4168395843544954,5.706717613218956
-1.0232962329886135,-2.0882819877869623,2.2636463673032154,-2.4603499962787847,-0.01666481918055629,4.5314283484041855
-4.2806510843213665,-1.6125605476249893,-4.889841994507769,2.0667804604899507,-3.204007576076997,0.7430056296193044
-2.1242869983987656,1.291117205014837,3.2018148000985516,-3.0399697990689982,-2.1355392493873726,6.169664122404596
-0.09956537947990984,1.180740335765809,0.38399849174734596,-4.177377646912638,1.0403695260622565,4.359258206337306
-2.9662567774092086,-0.45504691804783937,-0.18188630106095227,2.4768775017630853,-4.3148774341602465,1.8056720932619577
-3.9228855207932285,-0.9127269503297191,2.4557987672633135,-2.9497727798751883,-1.817781476996001,0.5442398200903862
-4.090819831732583,-1.4315692826183246,2.7046455928547375,-2.5696493667362166,-1.3611333188665498,5.3659627753357
-3.344602528614351,1.2878661640357119,-1.1506680635807154,0.41861898647006157,-4.037758725754877,0.0686501459019091
-3.551880873149524,-1.5759829739548648,5.521859399702464,-2.96935001683734,1.2442584108776211,3.7474016343856595
-3.170533223615762,-1.5499215095644425,4.896256027848087,-1.3832477071762517,-1.7700422817646184,3.824081849138287
-1.6678283047082731,1.5553690601885535,-3.3769733075838997,-1.1855791884991147,-3.7564206793254904,-1.2282169393959452
-0.3546487642165346,-2.1563749710384785,4.715783992748001,-3.8866626012525,-1.3036210124587138,3.9180491042948744
-3.9113897878784347,1.1350675686011287,3.6569106759274064,-3.604243163076835,-0.24662439508237322,0.013982111989496143
-3.473420878952522,-1.0991484358111308,-1.8566101830928967,-2.473849771925371,-4.560926706958844,-0.4699200639041994
-2.120593270466584,2.0031453011524905,2.5054133099295957,-3.9152849410616737,-0.29904028589979914,1.0740060812179437
-1.856885697303443,-2.2774014983518045,2.113770601866541,-2.582385768900654,-0.8223329550159153,2.864884323888909
-0.7497690700464077,-1.596304083956201,-1.8564397071709549,1.4587981183413348,-0.838752745747362,0.39784910382890004
-4.044425162584211,2.016926969027905,3.949365430473818,-0.19491254973898187,-1.7370186675943717,4.10182332297813
-2.5061418098292165,-1.2614874420974609,5.37802106596004,-2.363384888442934,2.1429552735809194,0.7262871542772056
-3.1772753961912557,-1.4840316938669234,-0.8730016940143243,-0.7409210667017212,-4.7466660256681505,1.9049488063352324
-3.2806422722411654,-1.1796749444865533,4.7024237710978785,-4.886497430119292,-1.1841540852770334,0.8353637892495952
-1.313509893895564,0.12109057725480543,2.605251470806945,-1.0514902192429725,0.4962323535403157,4.400933940305021
-0.7015041002756928,2.368945299369612,-3.824470288643413,-0.7168378701618066,-3.3270879415624877,0.11077287621405318
-2.5230319186031265,0.6737809837629256,0.5671507648332927,-4.005392897054856,0.5723869428378512,2.1420953847942372
-1.939492226725159,1.1430357183894047,1.825479657599464,-1.2078495665676474,-1.6133653372836392,0.3223561536709421
-0.48345992929046455,0.019623449389188252,-0.3110384837359753,-2.4640999420589322,-0.28136324072796315,-2.3847819907594014
-2.9073099092452654,-0.44358613972925465,3.2852751771568887,-2.248838843800315,-2.3410433878988455,2.5234438686878153
-3.732822898779985,0.3630878377221274,2.364978050680115,-0.18531380809888898,-0.20173805318789606,5.753037262890533
-1.3713039840326195,-0.7336090329096652,-0.33057439011678735,-1.3385758119774223,-0.5825856244843464,1.01125925188573
-0.05301538110677129,-1.8745939115085064,2.242203946868864,-2.1303073891993316,1.4115892748937768,5.201748592690126
-0.3674235405371773,2.0352572594157152,5.710341635946819,-2.6216896768181908,-1.477929206787179,1.1855475373910325
-3.2465319017739613,1.4080671749096436,-4.05232204134249,-1.0243446915200365,-3.3646442692416008,0.6127923830971604
-1.7916982093870533,-0.37462826481399425,2.243769028454838,-4.015999786923945,0.8897571822160839,1.1100042645442127
-0.18050267320358326,2.1598526492362033,1.9247027841151745,-3.6661336362610264,-0.40482768089870635,1.7721653904959611
-1.3549591570830632,1.9913067733772607,-3.968504568916906,-2.4825148316476437,-1.154665536600303,2.424830928085864
-4.57012178262165,-2.2913849738880367,3.464947050673652,-0.7125492919230174,-0.9255995010422784,5.655886364280668
-4.524000518697793,1.3860916523744047,4.424094075600203,-3.1688483554223423,-2.136306288973669,2.3690395410919525
-4.506505892615401,-1.2649531631410298,-3.2355344307729528,0.5901495940725527,-2.5069558525087157,2.3303579222586377
-1.7165411480497257,-0.2213824853185402,0.6870643685179492,-2.847686499533266,-2.1672516490297844,4.138180115423565
-2.5815253037230947,-0.08771705983658151,4.431210583723766,-2.631666238844466,1.1258609538149047,5.14816845754131
-2.7658331314053335,-1.0124166560568355,-3.1268571468762922,-0.7430600757055768,-2.4470425403314566,0.6220431459325528
-2.8522793917544313,-2.270184802987698,5.2537042283502515,-2.5997788572494303,-1.307025355598317,5.271074723126112
-3.604993666327794,0.3264358593905756,2.562517146967374,-3.8834105412814,1.1654310830896226,0.06331965352319642
-2.3206514586408185,0.6441368001922592,-0.5103082051910685,1.573890122659515,-2.882863507676521,0.48735563706984886
-3.766647864866015,1.3810080765592514,3.799657369434684,-0.3867583170241655,-2.3778574443189138,5.789700905107208
-1.7871455918315822,0.4309080645322565,1.5418849314462522,-2.1444531035037073,1.2437446987219944,0.3033372457171848
-4.926810760583796,0.0889163771294661,-4.5592068460975055,-1.0774593798019783,-1.8552181097010123,-0.35272768504540464
-3.444096124260651,1.7512841286735812,5.191160363875825,-4.224941414920363,-1.3385071291146695,4.788735246984359
-4.7819385670758905,-0.580917272083914,2.745622917494284,-3.7551280516757206,0.6434801345477088,4.200791613823378
-4.820958878530527,1.6471187532740892,-4.782327766030215,-1.507738325162125,-3.5593810298360995,-0.65324758379721
-2.536179137408542,0.9256045018718808,1.0315246081930614,-2.899199968585695,0.033686269950594205,0.11681543501003835
-1.264999541563264,0.287921988491191,3.0508035546527665,-0.7954388275983737,-1.41773627698839,2.3848476890022514
-2.771735861963893,1.5020213294918383,-2.004328782996861,1.758814950754462,-1.3814743753186614,-0.4578857347858456
-1.8169380893373352,-1.6943597070061167,2.235443479047406,-4.70740286658108,-0.2535561514629796,2.571961605171057
-0.74410734135287,-0.09690235116604429,5.22236421425931,-4.094375643432297,0.33511548368098776,2.921836228364079
-1.1186827508163462,-0.9589789124419479,-2.52301523144899,-1.0364655323353307,-2.8418807102633252,-0.571242771389397
-4.221103860335776,0.16090418476409152,4.332247756154776,-0.7846164757270175,1.887331162302619,4.83942267023231
-3.571966446930114,0.5251517870238938,2.034287044929772,-3.3518661274149455,-0.3903722165457908,0.38474578163895806
-3.911897171886138,-0.4576951650387895,-1.7586115337214863,-2.301051624441418,-2.642972806652355,-2.064841974250987
-1.8901237551040744,0.6086812606304557,1.9041863709587643,-4.081734395670108,-2.002675395455566,0.9670433542789917
-1.2640056114399028,1.2190898472335565,2.3050408631526067,-3.782433330612557,-0.9853300739311295,4.471617997173692
-0.34500998078588974,-0.14750999542910526,-2.3970512516563263,2.028577070271192,-1.6877457750748193,1.6441996778848313
-2.3020293528937437,-1.3385716682276672,4.7234678047110785,-4.290392713262473,-1.2529348767739306,2.910785824293148
-3.7627891569587764,-1.7323815460476644,5.9839563833241876,-2.442626841106102,0.8599526779362754,1.256287122497364
-4.195926311447317,1.382082036505646,-1.4526838873578996,-2.363353424070982,-2.0533823610025204,0.6412108180944474
-1.5909310822610525,2.017139584661182,5.256414553108264,-3.073943097586404,-0.3665002066502283,3.0513580523229797
-2.346841325347801,0.36626116877373116,0.26681065365860346,-2.912649296185811,0.2735731213090711,1.7709124112536117
-1.1177802232100782,0.3091805101970806,-0.22176826965330465,1.5626514395577953,-1.3462212496476007,-1.0423501133442514
-4.792204121150762,-1.072693387543474,5.390365263275136,-2.768105169325856,0.10109308223627789,2.6066997050544405
-4.502356485033427,1.6417942456966372,2.0508415847701706,-0.832420513110363,1.6347345600984724,0.8239842812282602
-2.155121878599608,0.9446956287547543,-4.784334410415819,-2.3618843030695977,-4.004572894957094,-1.0398244947303181
-3.0030881338935727,-0.6478351814813788,0.36047772739331324,-4.196424247712047,1.629980851300795,3.3713714952562874
-3.635541081995044,-2.405952309495085,4.53944878226258,-2.766780134460918,2.062945017981156,2.1771931697233717
-1.7479294332081752,0.9945207891833814,-2.065988236849417,-2.235610058794651,-0.6519492476954553,-0.1946534159355222
-3.2219494566515734,2.051084200792328,2.8700188943953306,-1.2189497571738124,0.2730618587108786,3.5893423976718144
-3.8094749742417893,-1.7031751560836506,5.577594788849539,-1.6844327349436488,-0.27634098486263925,6.057020862394185
-3.210930104056598,1.114321402822513,-0.55111557169361,0.7786927172760567,-1.314837474297541,2.022786811535763
-1.885680059771536,-1.6864378017811188,3.8034683603539654,-0.11772826572109008,-0.3811326929058696,5.915755389902173
-2.586487043165315,2.4483264914745053,1.6029390337365828,-1.9575842665000365,0.3603316633588345,3.6828880561343986
-0.8821246653593462,-2.166904116960873,-0.280356571733244,0.20132052352579022,-1.968210654068005,-1.098194506477253
-1.3928439430353827,1.8078868767406924,2.8730339422434725,-3.6858623743645635,1.3436988286249063,4.7630593582647975
-1.0918488876578576,2.388525793096016,3.170362551077105,-0.8412255508518225,-1.3587434710166513,2.31979377290099
-0.9365904626847787,-1.7176596618926487,-3.5606944215549756,0.9235578642523459,-3.4384734038922082,0.46761776463899496
-2.2861184112199506,1.6561589622088322,3.5459160619068286,-3.658334056751813,0.4247715149106339,1.9930288410030854
-1.5730934490109458,0.7393178032398229,1.8541268454002757,-4.94338641501093,-2.028293122439026,1.8922063932640598
-4.790564235474426,-0.5399745764205237,-3.0184372440040415,2.2216309803382686,-0.7774726320193615,-2.3277004586840775
-4.166543525521066,-0.48538033521934665,3.574966837571996,-2.5218611480407036,-0.3105219603341265,4.577052458522671
-3.6529989496845703,2.337709061559128,1.834382634073957,-3.682727302970314,0.507945402290662,0.3676168946762727
-2.7071811239898236,1.7127738928753473,-2.489050506672179,-1.5763097704289724,-1.3826822647255932,0.4516649334000169
-2.8784659722662598,-0.14599179525850392,2.8868680474923054,-4.6922558240336105,-1.6758304556495878,0.7906103094661364
-0.8586931463115413,2.008018431941016,5.188450655435981,-2.09691758607421,-0.39754446015158695,2.942981390057515
-1.1299561183847167,-1.8729343812959764,-2.787212070154216,2.327972598555041,-1.5746470731936073,-0.24104073294957828
-2.5673323614218106,1.3069752269528587,2.9566719098274485,-2.9647473654342216,-0.8635180900345196,6.251402109923592
-2.587368182170826,1.6007093152543845,5.808295892626397,-4.807535082583586,1.0131581774930654,3.8326957545563407
-4.002189292875405,0.05204829112331577,-2.4874790995688474,-0.6137864410862848,-0.28852800560351,0.6642472947522124
-1.2378478763353669,-0.03623878020241467,1.5254218104443618,-1.997282885652564,-0.005208417718772118,0.8007687092223067
-2.4511361666134364,-0.3839023286628902,5.729632966928911,-2.5158139017671735,2.222476512663172,2.17507852363952
-1.5594798947892952,-1.7890811412844538,-3.0734846482187916,-1.938656001746919,-2.176929003301098,-2.437729757551823
-4.058341823039683,-2.1800311549380993,1.0245158781189645,-1.9740313766361202,-0.17000848043423433,2.156047889024925
-1.3663419326157311,-2.3328547355104536,0.46924026407573327,-0.5877222154503725,1.4926819419212767,0.8673760161670648
-4.358263760083254,-0.6733691692464527,-3.50633191931484,1.8140461752406436,-1.7783239513055715,-2.4346179091263775
-3.134467453021177,-1.9288236409849346,2.630215184048945,-0.9084984172501809,1.6416653466163558,5.792630755402741
-2.8869891688939617,-2.3153532190687414,3.1747731612712973,-0.6845636217565811,0.4069188697929609,0.5003516146703488
-2.1691545796969995,-1.5158433512998788,-4.113002227768796,-0.9264786620479093,-2.512965182390671,-1.1015823747291575
-4.656410530773576,-2.2908224982423366,5.132315019562031,-3.40945841152862,-1.2301483496559258,1.5791706666523777
-1.8572496561449308,2.4408325458814275,2.5513916601997506,-3.7318654628991954,-2.420598800708376,0.9222558680103551
-4.480271466473044,0.6375038162448137,-1.8068829036169687,0.4513803242347669,-2.2380647757916177,-0.36288042153668076
-4.969726924865562,-0.0032007327459124824,3.4509959370218657,-0.44833150753411566,0.23723600337881656,4.628156226484107
-1.4129434845107673,-2.2955891542667657,3.894297334163932,-4.095113986271362,2.355525057974674,6.069798398710084
-3.2885712325089362,2.0040924007650593,-2.9647907976360353,-0.5267191216701743,-0.6207508138210932,-2.471461364334459
-3.967315878714714,-1.1285027653750113,4.7574852802406316,-0.8788901266919487,1.5362506840963484,1.1319475668516015
-1.4314286684519626,-2.0595018136377297,5.149084352511487,-3.6424584858246116,-0.028039492969488045,3.507280944944905
-2.7258829046438704,-2.091379616422693,-4.598256239127657,-1.832048846027476,-4.931213140986538,0.9051448080836644
-1.4853339398145105,0.8880795931385492,0.9357649135852364,-2.125025222953594,0.6160058348539774,0.15351947348825376
-0.27112528794585344,1.0120489947837399,1.3948391032362844,-1.7255831743277876,0.11819865089131554,3.411886323011385
-1.595069349105327,1.8438395392308902,-2.069478771511328,-1.3751187024551164,-3.2014784832690832,-0.132248588537065
-2.4437159653343925,2.3398204847538526,5.870946361723701,-3.398420847540706,1.5659224877749898,5.130611537052864
-4.972546286491365,-1.3274950367495941,6.141172523024195,-3.4093075117168996,-2.081287030538494,4.650690986303266
-4.420346063027757,0.43631787263826505,-0.6040401759410702,-2.136881902458307,-1.1477467933838121,0.7515247242759324
-0.4978218448842391,-0.2387935507726997,1.6791126692966503,-1.8966448049647027,-0.9293380126696915,3.18807798376922
-3.7477084497466984,-0.6184653575326586,5.292706819169544,-0.7209308294493741,1.262163282827562,1.4752900906633097
-0.8942981441006659,-0.16230425867983644,-2.913711559029883,1.7394194769929445,-1.7842721273225515,-0.34585657095785294
-3.1431720882727983,-2.117855486878634,0.15668186494961586,-4.81881026200864,-0.6960354878027024,5.058716139150292
-1.969218202459162,-0.7985614735518514,2.487078935920673,-3.3490227151561625,-1.2940946425143647,2.5186882082418878
-0.16495494560552215,-0.030902951785594546,-3.242552350072789,0.13179759165245297,-3.2043162466235477,1.7482197385572826
-2.010234019719021,-1.1452126558696802,1.393117225107784,-1.866390754804569,-0.2507906765623842,0.260213628603798
-1.2938998888344728,1.7462475899353516,2.1950686659131957,-0.8666584575046494,1.1259771339066882,1.453071377714906
-2.487298682435437,-2.1759297257336248,-0.8107964797180478,-0.7382851749224961,-0.8421605461885506,-1.8264589470092978
-3.486160307350084,1.8397200234749347,4.6531393961980205,-2.6671791078042033,-0.713152047401477,4.879911553039786
-0.8490506114653087,-2.385022699904427,1.8918677511558843,-3.489152843643696,-0.7015813890630147,4.122854067357457
-2.8628415531328493,-1.7205828751977903,-3.7258232268920417,0.20720713018977976,-3.9340518200901964,-2.1336338008670976
-1.8812205880585813,-2.0342558562781394,4.8179519682707355,-4.677344416576236,-1.707304739084723,1.7965502641174587
-1.4766617122444705,0.09205835742328317,2.7917046397686094,-1.8232347798777022,-1.0186971367228441,0.2607391705221851
-2.733007400678691,-0.6543381606935643,-3.3396115698645894,-0.6099688439745488,-2.119903010362218,1.7836629903027772
-0.47660180621793646,0.6893104634159353,3.8481846332346077,-1.1491994522153504,0.13658259568058106,5.9975758667938175
-2.505354506878692,-1.0649028936265315,2.5125416562456406,-0.16804551550438163,-1.79614358573997,3.3504775062807175
-4.659705285837938,-2.463354764209458,-3.3454171575370397,1.0071811864524731,-1.2687280964514036,-0.5431032262517344
-0.15723978611807787,0.35775276418566726,3.2265643469899405,-3.6167330526915134,-0.6804312290926229,4.285566822142814
-0.7887223849449265,-1.2121781070375626,0.44504489442020173,-1.2500462356136866,1.5369477147477273,5.703212683753302
-2.297622137373883,-0.8738860488099709,-3.196287483909777,-1.7566947230379626,-3.151036017132065,-1.9868407833163837
-0.0972221550961887,-2.094771418961953,2.2466720698164506,-2.236572300326868,1.6014983262874365,3.110707644381058
-1.3800280922179393,-0.45576930370027346,6.222982980668532,-2.2236061527380997,0.7618872073603153,2.4517766576562323
-1.4523530207735798,-1.5032216285173639,-3.823552747297303,-0.1707875948203874,-4.300224744148011,0.846305784034004
-4.853610799143379,-2.3612373641725415,3.2107219626278503,-0.6940912643396562,1.206527492571487,4.401066805472265
-0.2238753655484098,-0.9222769135577003,0.3162519310309385,-0.5719270419711817,-0.05530381674599205,0.4092914869300745
-0.9424167127209038,0.3348181425960943,-1.243547617614746,-0.3927287937082715,-4.622462840903187,2.031888666252085
-3.146704984081033,0.3729564420806475,1.5194423622292605,-1.6593076733340615,1.0948178849157468,2.7634511783976263
-2.6550075054010542,2.032061855574935,0.2917901166149371,-4.258819264814831,-0.348906209736231,0.8014140892347082
-0.5260279350001912,-0.9859460453908986,-0.3720895673796798,0.13274051779138984,-0.9416257038962494,-0.7145363312872088
-0.05480152994320697,0.3772572025059624,5.659567747751751,-2.606663892057462,-0.9004959529254675,3.601367838939254
-0.4799104525344413,-1.9433720572320057,0.6998049981579909,-1.966725230751912,-2.317209491770999,5.590822521148235
-1.5658359743167822,-2.423904952543804,-2.0051587346815984,1.453832252624669,-1.4198466430551253,2.330683116680488
-4.089386903934857,-0.9488793459720024,4.128820980579201,-1.608427967266008,-0.2691487057422437,0.6201508554014393
-2.9007172992170887,1.3295278593589255,2.260665215103741,-2.2883517580934165,-0.0911859894896101,3.404815286837853
-1.4705724684267967,0.41359651273764975,-0.985610364746754,1.8946337286139716,-2.6873623425514466,1.6310071867642613
-0.016260865605910446,1.7383415696862752,4.388198907069245,-0.9312611813220704,1.7365081786686805,2.750857137070227
-4.337153708076211,-2.032768907618067,3.2220159620089843,-4.456315582020677,-1.1726652075812227,3.1998103044449207
-1.5370708309812375,-1.7620618499147933,-2.785352379832815,-0.679125724795826,-4.817000648605477,-0.9852987882811881
-1.7584363037648454,0.4620760019621608,2.9402159260533365,-0.05938070024211051,-1.3512751679023915,4.625347678667454
-3.8929618178084118,2.30628638370525,4.6221224677268955,-4.4058055313675935,-2.4067922250058054,3.4795615073483295
-3.62673857049841,-2.4893032950615153,-1.720079107505898,1.7817726632984456,-2.9539892439628757,-1.364472071241819
-3.298051028699185,2.195752748194021,2.04747657538829,-4.8555345563558685,0.5382366160459622,6.191081554331529
-0.17396810436880372,1.9454130161112282,1.0639198244732413,-1.7106072349453445,-2.031904102378056,2.308192371953482
-4.537728290581141,1.568175885689766,-0.7601075759721859,1.5962017558136878,-0.9724374938237462,-2.240139417467379
-1.2135276171137876,1.4159053249871572,2.480874365413426,-0.3806041463557177,1.152714873460312,1.5658332944933135
-2.4847027366572787,-1.9249199195683748,0.26438302462285107,-0.6421498791838429,-0.6618630595989909,6.19749028393481
-3.409670639346947,-2.007349768096432,-3.921660905797408,-0.8445993176808879,-3.389394245507835,1.1044427935868124
-2.845725769917266,-0.7620793714205099,0.6864735527255301,-1.1909950203834923,2.00557810023919,5.382608302535056
-0.3378764775912897,-2.3577887387078715,3.1986110370972622,-4.960605766723256,0.8111082556746667,4.717120476862411
-4.891165581101189,-1.8862909058297457,-1.052708967690899,1.5801721622012446,-0.6012297351317819,-1.1338178403206216
-2.1264606007292413,-0.3470479979625467,2.1168650164118796,-3.3038563387068094,0.8421693597402995,4.553965867219497
-1.0599505425850082,-0.36021151959412645,0.8060687126538146,-0.25108698525495843,-1.2696536789774604,3.230630145169768
-3.2588900516612314,-2.3004394359746976,-3.3122413920122367,-1.035658930243935,-3.224420785993398,-2.372709469382013
-4.246588826389404,-1.3619819522412642,0.9250074027341775,-3.9476858603326423,-1.1483717330085197,6.257788932332009
-0.25313449106579977,0.8346442656663089,2.2026151434946657,-1.1383173911702933,-1.101651774582949,2.065248779510946
-1.8732409635733434,2.3132651017523607,-1.94683178104461,-1.4480766872287258,-0.5033329485073024,1.6492846382920465
-3.2916931932132454,-0.7144035599198284,1.2803489632483234,-3.8177494430049936,-1.053093010844746,2.9715924902924455
-1.2369356029011302,0.06331717300421591,3.3951915889630135,-2.750462749979436,-0.7785741586301449,5.173149650965918
-2.24497147758151,0.5137516429732765,-1.143871701116711,0.5312424720525111,-0.6903889059278945,0.0422293529374933
-0.36410724360236824,-0.19262246797551663,5.717701441999819,-2.811702347941335,0.9818711210344455,5.268701808557637
-4.936422358839615,-0.8533240270146791,4.826845546351785,-4.916011259544262,0.09746371101093398,4.655806936641155
-1.4666341168422408,1.7546937533415798,-3.3962276865803425,-0.007694592207337259,-1.3485850733600324,-1.3074744526428366
-1.5783686986386352,-1.2243676755941264,5.744577492022562,-1.4503914910400355,-1.537727948880487,3.0555218311283743
-1.932066889304913,-1.2413020978551959,3.203557262734669,-3.2133875114086132,-0.5603018177627588,5.642653702834752
-0.12570473622574185,1.8348358663903053,-4.8909800000129815,2.043274165989871,-1.1039368498360824,-1.3921820873889346
-0.9796338745967761,-1.2436102733689554,4.353972637198112,-4.660555376403876,-0.667669873220974,2.1297699443057376
-0.013359172181711898,1.0740934628148495,5.280485885302619,-3.1136683545819386,-2.069858166204144,1.8690234544902373
-1.4617639916479985,-2.4462165666369455,-0.46224229629832414,2.005272615167315,-2.938871309400003,2.145188727965241
-0.9768255641718788,-0.6829200594747875,5.620938585596855,-2.4848984642805982,1.8639913435148134,4.105453751950982
-3.267544341955253,2.045011972314602,3.708279273753694,-2.8336278504787407,-2.058540449748929,4.199678291202876
-1.679179551017359,-1.6765217122537879,-1.116438673169771,-2.3242155089289547,-3.180390303243978,-1.122740761812175
-3.617675725781136,-1.1333694829017638,3.3938116685150534,-4.572184032774703,-0.37867513215201143,3.1205338225960095
-3.542921506672158,1.6393281794671495,0.8985222739370673,-2.328050100113139,0.5925265117459748,0.5595872974996552
-0.47226869141723693,-0.1763316067650642,-3.959563874572259,1.8340695060959682,-2.3636073159638284,-1.6468377458734207
-3.625641681779661,0.14247426098898996,4.616765880679238,-0.9773616164599561,-2.407617079986772,1.4078626681029807
-0.9537411743952697,0.6194969476634848,6.20545963588823,-1.715678409202694,-0.25560273749863915,4.7926361893791
-3.755441152323749,1.7040228158887167,-0.13190343954675887,0.39507855091836896,-4.482380344974572,1.1908360711425416
-0.6940974993741325,-0.23869938261207846,2.6138212346194356,-3.403294995309789,1.2590132345352507,3.4454603400097463
-4.4579834050236755,2.334764807915687,5.862819348338687,-3.9965366897673538,-1.5702694503039978,5.098300287311826
-0.2928022241794864,-1.045939528570527,-1.4918954428649593,0.6874666216809078,-0.6279655920589028,-1.7907760830799573
-3.6261800226507157,1.046198617074669,3.5607484908745812,-4.391717271560517,-1.5157374808791246,4.3724687710959245
-2.429171465661958,-0.4761767912246526,1.3869753518575665,-3.3978876257941697,2.2774363347108944,5.103840757682483
-4.252756586148958,2.0273540224019806,-1.4578525434352319,1.843380597990243,-4.987810960361286,-1.31724784120825
-4.501941447711347,-0.5612067488701671,4.628698691925348,-0.1308651631409754,-1.204403283841002,2.571705994917215
-4.896095390219611,1.0693270747955248,1.1488854103098036,-0.6710334454989271,-0.721607372697799,1.0667289704200311
-1.9005780099188336,-1.195415571627056,-4.585270053499675,0.6416195996551681,-3.5132096500474006,-1.244043938649972
-0.1557365930890846,-0.21416252322026263,4.736338664581861,-4.787780584735496,-0.819338846525866,3.297326453248152
-3.079548593778215,-1.5543816537944144,0.7417800483070938,-4.278950959387753,-2.3458311028746897,4.71471238441997
-1.9851427282234884,2.364628320136476,-4.73482247177503,0.919221548402831,-2.1227054889501673,1.0516116162142186
-1.0530794502017549,-2.2953727900610996,2.71073652401921,-2.7633109606048123,-1.5548735653404373,1.5816852185740147
-4.857855103239497,0.5419461592402719,0.3776430640904573,-2.49023083289404,1.707915048558287,5.662089075600594
-3.5652091076315906,1.0083214987177853,-3.772660145945414,-1.409226080715265,-2.386370546572712,-0.9533567032212209
-3.429922411641473,0.7961572947018603,0.624911705429359,-0.9250132632050967,2.1945888235638424,1.2216534050890453
-1.3071109895373234,-0.20424421041990382,5.8356610058477525,-1.751682535942006,1.64276604221447,3.98254638903693
-4.2413591449278805,1.713602571887793,-3.531291878973601,1.1915416329360164,-3.6515086097760205,-0.7300158379363082
-2.016115715043829,1.733807289743253,4.313619908569049,-3.8445736524658,-0.46410324568576833,4.876061029641158
-4.4539183123143,-2.331997934288477,2.6455643643911406,-0.12226105377371965,1.694956881553951,2.183328179683102
-1.8819748400672314,2.38331514109041,-1.8854428630720128,-2.065566868154547,-0.6615213711078682,-1.2526863995763677
-4.7950547215815424,1.4382285232922603,0.2986750938499898,-0.8540763731980219,-0.7352030948871735,2.9653875009099093
-4.085246434624155,-2.2861741187991425,4.150010553691085,-3.125113852092018,0.11085544487323595,3.466934332497133
-4.217133420223632,-1.4761780230554673,-3.2701776462266134,-1.576867721969284,-2.9410486886806773,1.0047276473383815
-0.34942375607808795,0.5646385596523951,1.920100371136136,-2.087237472628107,-1.376849511166981,5.4792129156247125
-2.371903936467773,-0.8696055474632152,3.1709670143839004,-4.363534110969581,-1.7108682326734899,2.030602353024639
-1.6063707915147445,-0.29790557140152885,-2.378185275839806,-2.1412930621436526,-2.0022064334767533,-0.5081182611290302
-2.876608130379932,-0.27558392316142477,3.785111791756043,-4.274390821668986,-1.3588970902575015,3.666345207994575
-3.3241887246347277,-0.8997720791029344,5.86069142419826,-1.8370898618985882,-0.7032106820731348,5.598123427604177
-1.6797313152295679,0.03229981631286183,-2.999410061644967,-2.4463430064399647,-4.68141856859565,1.9433618370944092
-3.287965164257982,-0.48031473624498666,3.2325687017883173,-3.05054634616476,0.19915169374491937,1.2946092139240504
-3.3590885991579444,1.3615988148005682,5.549967231057161,-4.25890644855289,-2.137798668057372,2.9026543747989595
-2.260260908886724,-2.1222316050899948,-1.235815489080957,-2.2904910239662986,-0.7224406201222522,-1.1845158794226385
-3.360862224657202,-0.2081691361385163,5.658444847334144,-2.780169973279114,-0.036110178157679584,1.3119808780829771
-4.716396141885831,-1.8033364383292767,5.62492401166865,-1.7345478459763846,1.419178502173335,2.3214888723617446
-4.133356606698964,-1.022707560593608,-0.10252889921221697,-0.55847221364835,-1.3739116443702222,-1.7666913873911199
-3.6313895352307735,0.3697176361762362,4.878966485966597,-0.9331369154554299,0.8302796364746481,4.8644284176905686
-3.659134922545318,-0.796439446045154,2.21131926071793,-4.0560449007415915,-1.4633232654444162,5.879559587072666
-4.815409253847995,0.21547063613447337,-1.4512506377082128,2.312903284925932,-0.6285381661606071,1.6575208360937612
-1.3534437513442192,0.6425088453960051,5.863380733758864,-4.8807004651554395,-2.2638816905267234,0.5163172358584263
-0.2859333052224864,1.3225674978079875,4.507657167667013,-4.36814859076782,0.6153625858664724,5.799923538639291
-4.081906905389399,-0.49285704894527527,-1.5389495291540944,-0.32589920261057514,-0.44631203882229076,-0.5879398806138441
-1.6194623326025823,0.1616332830702083,3.236023385185718,-4.375203537868126,1.5115100745907046,3.1283443475157635
-4.972177242419884,-0.46359904066153756,2.3511780399283624,-0.5972753998027907,0.11386767938714071,6.200221284347844
-0.021157118803705743,1.397929417064827,-2.8873749902812214,-1.162683590285567,-3.3663228960923934,-2.276300075188079
-3.0947944441141004,1.0027608040124116,5.840967261374158,-0.8170588358898776,-1.4038380243029187,2.899718535650904
-0.70275591858839,-0.48714932120758236,1.1179133562371804,-4.798117107073404,-0.421125320985996,1.9408481408415748
-2.468818134492998,-0.7219805589942208,-3.034030807551415,1.6449470294332444,-3.969165555896199,1.677066952682213
-4.9909419705335045,1.5064658567181226,6.144999892286261,-0.5244390365560117,1.1257545877290038,0.6295714090230425
-1.9480815538252432,-0.8011722491317959,3.5652740124148488,-1.83174730938467,2.0525488140341297,5.019914523763544
-1.1345674864461763,0.034101714434830566,-1.2544413269151833,0.6673208140018652,-2.6904672124606908,2.089438272580627
-0.4575909857479985,2.0575217871199545,3.0300606516266466,-0.17938896863500897,0.5767200698637258,1.187450965507166
-0.3269331585119497,0.3104019962972848,5.073423503952111,-0.7699833910321026,-0.178957582810213,1.526431139635881
-4.484575985266709,-0.7832287070880879,-0.8593998851387347,-1.7802362181333016,-1.0829857576458708,-1.0761901883152403
-3.726546851867148,0.6730449790628459,4.309803704115154,-4.064178862930451,2.0094752449439826,5.1152103686960615
-0.9423463878696658,0.11727044809841258,1.0351944152033905,-1.122072227799519,-1.6392177999849722,1.9157697490040664
-1.855265259538907,-0.8528674755585219,-3.7751919752992116,-0.20336381918653235,-2.307459583112344,0.6911867189270882
-1.6838271197474035,-0.8211254115426836,1.4654396073286602,-4.742622647328482,-0.0351618722300131,0.49913985851826237
-0.32788447876218463,-1.9098268719384603,2.546170061680652,-0.039771507754365665,-2.060995091790972,6.246728449804105
-2.696872962047729,-1.9673637829880242,-2.255399127006694,1.3471708962233326,-2.6529698067019316,-2.1253352305455815
-0.5852870046485172,-2.449102828182641,6.195826128325365,-3.9625732738878816,-1.6034994868179764,4.302343953514659
-0.40265684717332473,2.1594337847234826,1.1128119086801342,-2.266976707775856,0.45710296954695906,4.9930745781097405
-3.064453624630476,0.004196024975075652,-0.396954808452159,-2.0339097902334444,-1.4116219511087853,2.2310682331063063
-0.8688531815925327,2.0174321551266416,4.311121591861547,-3.642457262259677,-2.231711231668985,4.142634364319197
-3.525561394408554,2.0301819026074677,4.922630535325416,-0.8911317107400736,1.2730192682956587,4.364895652025817
-4.948337010738318,-0.5193301367408436,-1.9062574100316254,1.4552743850539276,-2.78512937887881,1.8679069499200036
-0.9330187078399534,-0.8201652405269981,5.986203901623046,-4.914012472119404,2.1366952279169382,2.9891235397654614
-4.199669424621887,1.158251840606805,4.111583258218449,-1.9965776483111677,-1.1050169931331477,0.6259705822561304
-0.27550962653975886,-1.0982331180783196,-4.158418428348028,-2.207821838874773,-2.0954958436063875,-2.106124098581778
-3.3591038176514427,-0.7145930613314895,5.068791346593123,-2.2137035051960434,-1.2989770488829482,2.5909335927785753
-0.17516832384448566,-0.016571084262002156,6.117671525769388,-1.0891868140224452,1.9700413937996393,5.42664819075843
-3.9812792697732324,-1.0038035945881822,-1.7919207396287007,0.443325277031307,-0.8080323357601715,-0.740754761568565
-2.1735659280919677,-2.0413483758952107,0.8717546998742213,-0.7109352099088273,-1.403977044081088,2.2242136562458983
-4.206107443832859,1.8711884278972342,5.800426099547008,-4.290797474927612,-0.8544289200237469,0.3875924170978571
-2.8615361968075366,-1.634445754902163,-1.162088179982591,-0.6199183899026024,-3.7411817693744864,-1.4394681108684932
-3.4501141896533207,1.3732377985725952,5.717446331000903,-4.678793050886559,1.0034662280145707,2.360770492682063
-4.1077997346889115,0.08405872592515573,2.9043435392983326,-1.1904792168711564,-1.2351815673431044,0.8786925470364183
-4.486670706326205,0.4592245898593008,-3.184108169409244,0.3369106464916527,-4.916672577053803,2.0526576497894036
-3.785342101472351,0.9061478782951191,2.73603246702348,-0.3672511423108018,-1.8936970282819698,3.7043056961330683
-4.687044265650178,0.20675347651554343,6.031996996195353,-1.3374177557265323,-1.9366193259942914,3.4426566569005757
-3.3765415237440486,1.5756104076568969,-0.831422524242364,0.8880541141140719,-1.563768756249861,-2.2175034604455854
-4.344503991848939,0.16736452308619842,1.3879913057118807,-2.2378441659316373,1.163002388097782,3.5375707726278938
-2.0706310813613307,0.4919020470383817,0.49583408575494764,-3.6458015782737005,1.9800859718008033,3.326036856846214
-2.9806721813267316,-0.2758422683188151,-2.004044516692009,-2.0078643838268277,-0.78398736735239,-1.2213887289912058
-4.665851867878301,0.14483982563444409,6.194037689983883,-0.5600155562376914,-2.164171864573783,2.7307209911207395
-2.3229794538001753,-0.2428647653017144,6.241421959626071,-0.7908494831433046,-1.8429384470866994,0.42536731793327515
-3.162293902165367,-0.1274706100096874,-0.9004947068713226,0.8797223642851377,-3.8892219589589887,0.5903595744686116
-1.1404581774497995,1.8608980430294366,5.679650279568258,-2.451232867582921,-1.1996939951325785,5.6304419067491045
-1.9980618999363262,-0.7678575130880017,4.300060508049026,-0.8317126274065227,-1.2750932007198768,2.7261245088021226
-1.7772290887814723,-1.8135768764741407,-2.612436660811111,2.2071285719348586,-4.967696759678757,-2.113566350444494
-3.5435108304288843,-1.9033756032311362,2.44485579479577,-1.8920445059981477,0.15828832120470748,3.192306585876094
-4.488804718818593,1.3242975267627752,4.344348414921359,-4.85707625215673,2.3957055474540736,6.02736176155254
-2.7968934330039916,0.5624619392230819,-1.3038388103535792,0.35998437729625676,-0.8516181178835458,-0.4748528052991441
-4.714207300874909,-0.35433101794233224,5.059150079794625,-1.8565198042171098,0.4261342345624799,0.9465443993378896
-3.5367428648180295,1.8549780823078983,1.9618808194704411,-3.7485994337291197,-1.6661037555730123,2.580341607760885
-3.1372455401683927,0.008218523054612792,-0.8660342030569473,0.9126012822031897,-2.674687901545785,1.687372285667939
-2.6470594612598113,1.7260197703536075,0.8271071342860219,-2.903736090888493,-2.3167528637837225,0.028454462078571937
-3.0007785542049796,1.4696011260153203,5.923365051297216,-1.2099807514056145,0.785241707230659,1.8589131337899978
-0.3626446276711215,-1.4461851935102432,-1.1520193938358219,-2.2906530189579764,-1.9860133605666785,-0.582814483134106
-3.1959090130518324,-1.9241028039912362,0.8141181082523571,-4.6836482932314825,1.8800683746792473,3.8579729153713975
-3.75899566164329,-0.9638869534881183,0.903076174194584,-0.5222293446396957,0.872977535369329,2.2637768134764507
-4.5158222808948905,-1.609742711123443,-3.2720969324674365,-0.5825887188541834,-0.6843316451368914,-0.8611155477636923
-4.714826963175247,-2.1788167265507665,3.8791665365980874,-4.493927279440186,1.0236480226416522,0.348823053603327
-1.3096172088852418,0.5078321587105488,1.6367262557416569,-4.476595661150165,0.9824648167823473,4.11718754245337
-0.19573404775383163,-1.6177300725428427,-3.936386356063771,-0.25375396390885907,-3.3198429475467837,-2.1503891514969933
-0.5845494310848887,-1.3212618406510273,0.42697146268013153,-0.5976428434866232,-0.13979872455535736,4.20138652674015
-2.0381509562430433,-0.04901228876482966,4.031958113941524,-1.5633603960682545,0.426173921118143,5.63644104168862
-4.925562880128163,-0.18719048627547696,-4.583171121380697,1.8557052872565638,-4.793385653468939,0.455694351193245
-3.810253667754235,-1.1482354335808576,4.419570621905947,-3.876531624527917,0.22800796746568341,3.400994087770408
-1.643794911290649,1.7510514810612294,2.583278287416417,-2.2065530442968875,-1.6221225624040403,3.854359720705404
-4.908735252428446,2.012377719548793,-0.1777624985496834,-1.865145198496276,-3.4501490144665286,1.0220975753176886
-2.485178409362728,-1.0597343531451797,1.323989740484531,-3.929818037373357,1.531461510195351,4.587417792804202
-3.918271744368877,1.7824721249174171,1.7051770229026246,-0.8814372298617839,-1.9570765390097073,2.10985631177184
-2.355438349336936,0.8827925151406886,-4.768943666087841,-0.0857013396777182,-4.860448694114182,1.2977208204855781
